       0  -4.192605e+00   2.080059e+00  -4.353090e+00  -1.024662e+02  -1.063885e+02
       1   2.267544e+00   5.729118e+01   3.202413e+00   5.541822e+01   7.826618e+01
       2   2.194601e+00   6.253887e+01   2.660999e+00   5.363551e+01   6.503417e+01
       3   3.155754e+00   1.099512e+02   4.870780e+00   7.712586e+01   1.190407e+02
       4   2.588859e+00   7.783609e+01   3.492098e+00   6.327109e+01   8.534601e+01
       5   4.291799e+00   7.719425e+01   5.264143e+00   1.048905e+02   1.286544e+02
       6   4.969666e+00   6.907568e+01   7.275156e+00   1.214574e+02   1.778030e+02
       7   1.651233e+00   4.054194e+01   2.557599e+00   4.035573e+01   6.250709e+01
       8   3.332472e+00   3.730597e+01   3.955166e+00   8.144480e+01   9.666328e+01
       9   2.872253e+00   6.244914e+01   3.803689e+00   7.019716e+01   9.296122e+01
      10   2.274097e+00   4.690611e+01   3.008335e+00   5.557838e+01   7.352296e+01
      11   3.552054e+00   3.931797e+01   3.676544e+00   8.681133e+01   8.985383e+01
      12   7.237179e-02   4.686559e+01   3.545030e-01   1.768749e+00   8.663965e+00
      13   9.503762e-01   4.400028e+01   1.113491e+00   2.322696e+01   2.721344e+01
      14   1.907770e+00   5.783423e+01   2.530950e+00   4.662542e+01   6.185580e+01
      15   2.878699e+00   5.963662e+01   3.293665e+00   7.035469e+01   8.049637e+01
      16   2.292682e+00   3.822622e+01   2.531058e+00   5.603259e+01   6.185844e+01
      17   4.135922e+00   5.594462e+01   4.875591e+00   1.010809e+02   1.191583e+02
      18   2.297087e+00   2.760107e+01   2.325166e+00   5.614023e+01   5.682649e+01
      19   4.043642e+00   5.568385e+01   4.306245e+00   9.882561e+01   1.052436e+02
      20   3.619411e+00   4.068626e+01   3.705082e+00   8.845751e+01   9.055129e+01
      21   2.228333e+00   3.553462e+01   2.980903e+00   5.445991e+01   7.285255e+01
      22   2.064721e+00   4.128998e+01   2.414022e+00   5.046128e+01   5.899810e+01
      23   3.093768e+00   4.944583e+01   3.688868e+00   7.561094e+01   9.015502e+01
      24   1.934949e+00   3.592776e+01   2.420542e+00   4.728967e+01   5.915746e+01
      25   2.664488e+00   4.215274e+01   2.911485e+00   6.511944e+01   7.115597e+01
      26   1.330132e+00   2.779926e+01   1.567295e+00   3.250811e+01   3.830430e+01
      27   2.390656e+00   4.048218e+01   2.786185e+00   5.842704e+01   6.809367e+01
      28   3.150812e+00   5.517185e+01   3.561169e+00   7.700508e+01   8.703409e+01
      29   5.095142e+00   5.550983e+01   5.310098e+00   1.245240e+02   1.297775e+02
      30   3.009008e+00   6.315133e+01   3.079527e+00   7.353942e+01   7.526289e+01
      31   2.087925e+00   5.042090e+01   2.816328e+00   5.102838e+01   6.883036e+01
      32   2.613031e+00   5.741675e+01   2.911808e+00   6.386183e+01   7.116386e+01
      33   1.978564e+00   4.654226e+01   2.382437e+00   4.835562e+01   5.822618e+01
      34   5.021124e+00   6.211708e+01   5.456423e+00   1.227150e+02   1.333536e+02
      35   5.149178e+00   6.314125e+01   5.545426e+00   1.258446e+02   1.355288e+02
      36   4.372048e+00   5.252949e+01   5.238431e+00   1.068518e+02   1.280260e+02
      37   3.495762e+00   5.053100e+01   3.370315e+00   8.543556e+01   8.236967e+01
      38   2.389044e+00   2.927755e+01   2.531152e+00   5.838766e+01   6.186073e+01
      39   4.322309e+00   6.176279e+01   5.070784e+00   1.056362e+02   1.239287e+02
      40   4.937223e+00   8.348897e+01   5.976660e+00   1.206645e+02   1.460681e+02
      41   2.061391e+00   4.641246e+01   2.872136e+00   5.037988e+01   7.019430e+01
      42   3.855859e+00   6.560593e+01   4.813093e+00   9.423624e+01   1.176308e+02
      43   4.133129e+00   8.029308e+01   4.627196e+00   1.010127e+02   1.130875e+02
      44   3.546145e+00   8.216375e+01   4.480920e+00   8.666692e+01   1.095126e+02
      45   2.484440e+00   3.982745e+01   2.782336e+00   6.071910e+01   6.799961e+01
      46   1.451310e+00   2.843594e+01   2.227787e+00   3.546967e+01   5.444656e+01
      47   4.101330e+00   5.824132e+01   4.981490e+00   1.002355e+02   1.217464e+02
      48   5.955421e+00   9.846002e+01   7.047110e+00   1.455490e+02   1.722296e+02
      49   3.410894e+00   4.967861e+01   3.338895e+00   8.336142e+01   8.160177e+01
      50   3.295839e+00   5.027378e+01   3.247614e+00   8.054951e+01   7.937090e+01
      51   3.449353e+00   3.820356e+01   3.830725e+00   8.430135e+01   9.362198e+01
      52   2.229622e+00   4.261997e+01   2.557965e+00   5.449142e+01   6.251603e+01
      53   2.091578e+00   3.334610e+01   1.856162e+00   5.111765e+01   4.536414e+01
      54   3.276825e+00   4.570989e+01   3.970241e+00   8.008479e+01   9.703173e+01
      55   2.576290e+00   4.235311e+01   2.833319e+00   6.296391e+01   6.924562e+01
      56   1.485150e+00   3.771468e+01   1.918310e+00   3.629670e+01   4.688303e+01
      57   4.065557e+00   8.695792e+01   4.717947e+00   9.936122e+01   1.153055e+02
      58   2.032385e+00   3.105374e+01   2.350640e+00   4.967100e+01   5.744907e+01
      59   1.392333e+00   3.134761e+01   1.684985e+00   3.402827e+01   4.118062e+01
      60   2.544707e+00   7.577540e+01   3.590319e+00   6.219201e+01   8.774652e+01
      61   2.413108e+00   6.819441e+01   2.007488e+00   5.897577e+01   4.906252e+01
      62   1.274485e+00   3.946344e+01   1.006343e+00   3.114810e+01   2.459477e+01
      63   2.284518e+00   6.438488e+01   2.643518e+00   5.583305e+01   6.460693e+01
      64  -3.565878e-04   2.915618e+01   2.246731e-01  -8.714919e-03   5.490956e+00
      65  -7.990796e-01   4.016825e+01  -7.539782e-01  -1.952931e+01  -1.842704e+01
      66  -4.041763e-01   3.317041e+01  -7.633243e-01  -9.877970e+00  -1.865546e+01
      67   1.846335e-01   4.653760e+01   9.812951e-02   4.512396e+00   2.398261e+00
      68   1.894677e-01   4.905138e+01   3.219000e-02   4.630544e+00   7.867157e-01
      69   1.026327e+00   6.319645e+01   8.217333e-01   2.508319e+01   2.008296e+01
      70  -1.422682e-01   5.166682e+01  -5.910715e-01  -3.477001e+00  -1.444564e+01
      71   1.536715e+00   7.291402e+01   9.970799e-01   3.755694e+01   2.436839e+01
      72   5.550433e-01   5.679207e+01   6.465735e-01   1.356512e+01   1.580210e+01
      73  -9.409912e-01   3.495140e+01  -1.167864e+00  -2.299759e+01  -2.854232e+01
      74   1.038480e-01   5.826464e+01   4.370510e-01   2.538020e+00   1.068142e+01
      75  -2.818029e-02   5.562258e+01  -1.110338e-01  -6.887195e-01  -2.713638e+00
      76  -5.453360e-01   5.739758e+01  -1.481135e-01  -1.332788e+01  -3.619859e+00
      77  -2.747263e-01   4.290439e+01  -2.891704e-01  -6.714242e+00  -7.067255e+00
      78   3.599550e-01   5.362168e+01   6.888659e-02   8.797213e+00   1.683571e+00
      79  -6.083823e-02   3.106335e+01  -4.794165e-02  -1.486872e+00  -1.171682e+00
      80   6.138061e-01   6.286772e+01   3.630177e-01   1.500127e+01   8.872064e+00
      81  -2.549461e-02   4.860661e+01  -1.198810e-02  -6.230820e-01  -2.929861e-01
      82   1.793695e-01   6.021769e+01   8.919078e-01   4.383747e+00   2.179801e+01
      83   2.049372e-01   5.919730e+01   3.224809e-01   5.008616e+00   7.881353e+00
      84   4.540750e-02   4.759071e+01   3.904802e-01   1.109748e+00   9.543240e+00
      85  -2.153189e-01   3.706006e+01  -3.070874e-01  -5.262341e+00  -7.505141e+00
      86  -5.297590e-01   4.655435e+01  -4.787935e-01  -1.294718e+01  -1.170160e+01
      87  -6.254768e-01   7.395013e+01   1.094283e+00  -1.528650e+01   2.674402e+01
      88   9.235329e-02   6.616444e+01   6.114998e-01   2.257092e+00   1.494491e+01
      89   3.768211e-01   6.201766e+01   7.655760e-01   9.209416e+00   1.871049e+01
      90  -1.277655e-01   5.108781e+01   2.589501e-01  -3.122558e+00   6.328676e+00
      91  -3.204903e-01   3.627701e+01  -2.388605e-01  -7.832706e+00  -5.837693e+00
      92   1.602474e-01   4.216229e+01  -5.223170e-02   3.916408e+00  -1.276530e+00
      93  -3.522889e-01   3.348972e+01  -5.099000e-02  -8.609854e+00  -1.246183e+00
      94   1.063189e-01   5.231216e+01   1.250962e+00   2.598407e+00   3.057321e+01
      95  -1.425905e-01   3.762286e+01  -3.242300e-02  -3.484877e+00  -7.924102e-01
      96   1.730313e-01   2.839297e+01  -1.789463e-01   4.228842e+00  -4.373405e+00
      97   5.729836e-01   4.573158e+01   3.464678e-01   1.400358e+01   8.467587e+00
      98  -3.753858e-01   3.725425e+01  -1.894297e-02  -9.174336e+00  -4.629617e-01
      99  -1.587046e-01   6.024691e+01   4.814015e-01  -3.878702e+00   1.176533e+01
     100   8.920431e-01   7.770734e+01   2.254641e+00   2.180132e+01   5.510288e+01
     101   8.279089e-01   4.997536e+01   9.924593e-01   2.023389e+01   2.425546e+01
     102  -3.383233e-01   3.035317e+01  -6.936802e-01  -8.268539e+00  -1.695337e+01
     103   3.649102e-02   3.113610e+01   4.530650e-01   8.918316e-01   1.107280e+01
     104  -3.968713e-01   3.399877e+01  -3.399887e-01  -9.699436e+00  -8.309241e+00
     105   7.854751e-01   4.067891e+01   5.256916e-01   1.919682e+01   1.284777e+01
     106  -3.092105e-01   4.144757e+01  -9.318182e-02  -7.557028e+00  -2.277341e+00
     107  -6.278402e-01   2.881852e+01  -6.274729e-01  -1.534426e+01  -1.533528e+01
     108  -2.178971e-01   3.369169e+01  -3.450849e-01  -5.325353e+00  -8.433790e+00
     109  -5.471487e-02   2.953799e+01   2.900200e-02  -1.337218e+00   7.088018e-01
     110   2.036481e-01   3.804319e+01   7.237407e-02   4.977110e+00   1.768804e+00
     111  -6.818762e-01   4.556042e+01  -4.045903e-01  -1.666489e+01  -9.888087e+00
     112   6.534468e-01   4.575118e+01   3.636314e-01   1.597008e+01   8.887061e+00
     113  -6.109741e-01   2.454499e+01  -5.552729e-01  -1.493206e+01  -1.357073e+01
     114  -1.165944e+00   3.003350e+01  -1.114061e+00  -2.849539e+01  -2.722738e+01
     115   5.691163e-01   3.748886e+01   5.941335e-01   1.390906e+01   1.452048e+01
     116  -7.793129e-01   3.338831e+01  -8.383634e-01  -1.904622e+01  -2.048940e+01
     117   1.071984e+00   5.678880e+01   8.844044e-01   2.619903e+01   2.161463e+01
     118  -2.219794e-01   4.319821e+01  -5.227750e-01  -5.425122e+00  -1.277649e+01
     119  -7.046509e-01   3.132193e+01  -7.540263e-01  -1.722149e+01  -1.842822e+01
     120  -8.288370e-01   3.478017e+01  -6.045919e-01  -2.025657e+01  -1.477608e+01
     121   8.765736e-01   5.919277e+01   5.744486e-01   2.142324e+01   1.403938e+01
     122   1.070802e+00   4.737946e+01   8.955635e-01   2.617015e+01   2.188735e+01
     123  -5.503851e-01   2.992945e+01  -7.016684e-01  -1.345128e+01  -1.714860e+01
     124  -7.877862e-02   3.658680e+01   5.274867e-02  -1.925330e+00   1.289165e+00
     125  -6.497554e-01   2.512019e+01  -8.568254e-01  -1.587986e+01  -2.094060e+01
     126  -1.187430e+00   3.732251e+01  -1.273087e+00  -2.902049e+01  -3.111394e+01
     127  -3.532557e-01   4.689312e+01  -4.684018e-01  -8.633483e+00  -1.144762e+01
     128   2.068709e-01   5.150512e+01  -3.096379e-03   5.055875e+00  -7.567474e-02
     129   1.531572e-01   5.421810e+01  -5.261063e-02   3.743125e+00  -1.285791e+00
     130  -1.275305e+00   1.974170e+01  -1.108389e+00  -3.116815e+01  -2.708875e+01
     131  -3.706590e-01   3.894132e+01  -1.330962e-01  -9.058814e+00  -3.252837e+00
     132  -2.044552e-02   5.652551e+01   3.739069e-01  -4.996835e-01   9.138193e+00
     133   1.191027e-01   4.369291e+01   1.663411e-01   2.910841e+00   4.065334e+00
     134  -7.554226e-03   3.843655e+01  -2.579515e-01  -1.846234e-01  -6.304270e+00
     135   1.003338e+00   5.688188e+01   1.188565e+00   2.452133e+01   2.904823e+01
     136   1.951749e-02   3.686124e+01  -2.395459e-02   4.770026e-01  -5.854442e-01
     137  -3.831205e-01   4.477968e+01   2.709182e-02  -9.363372e+00   6.621174e-01
     138  -2.995420e-01   6.126974e+01   1.540775e-01  -7.320733e+00   3.765617e+00
     139  -6.904704e-01   3.595028e+01  -8.094063e-01  -1.687493e+01  -1.978169e+01
     140  -4.494033e-01   4.077022e+01   9.883826e-02  -1.098331e+01   2.415583e+00
     141  -1.245011e+00   3.548737e+01  -8.906611e-01  -3.042776e+01  -2.176754e+01
     142  -3.086733e-01   5.625006e+01  -4.259324e-01  -7.543900e+00  -1.040968e+01
     143   8.534767e-01   3.470610e+01   6.648704e-01   2.085876e+01   1.624927e+01
     144  -1.784713e-01   4.635516e+01   7.459935e-01  -4.361794e+00   1.823190e+01
     145  -1.579526e-01   4.156465e+01  -3.548337e-01  -3.860324e+00  -8.672048e+00
     146  -3.390753e-01   3.667252e+01  -2.926106e-01  -8.286917e+00  -7.151330e+00
     147  -5.287921e-01   3.461618e+01  -6.961305e-01  -1.292355e+01  -1.701326e+01
     148  -5.401795e-01   2.510805e+01  -8.100001e-01  -1.320185e+01  -1.979620e+01
     149  -9.351901e-01   3.852226e+01  -1.235075e+00  -2.285582e+01  -3.018494e+01
     150  -1.012968e+00   4.025170e+01  -1.095230e+00  -2.475668e+01  -2.676716e+01
     151  -7.016429e-01   4.198703e+01  -7.631799e-01  -1.714798e+01  -1.865193e+01
     152   3.254708e-01   5.616938e+01   2.145350e-01   7.954427e+00   5.243182e+00
     153  -6.148415e-01   3.731373e+01  -5.590273e-01  -1.502658e+01  -1.366249e+01
     154   3.069933e-01   6.619982e+01   2.554745e-01   7.502841e+00   6.243734e+00
     155   2.576841e-01   4.970480e+01  -1.484386e-01   6.297737e+00  -3.627803e+00
     156  -1.885695e-01   3.468995e+01  -9.673553e-03  -4.608591e+00  -2.364193e-01
     157   1.924757e-01   3.937031e+01   6.055975e-01   4.704058e+00   1.480066e+01
     158  -2.258468e-01   2.905402e+01  -4.276561e-01  -5.519640e+00  -1.045181e+01
     159  -1.563748e+00   2.869431e+01  -1.646962e+00  -3.821762e+01  -4.025135e+01
     160  -8.065995e-01   3.282871e+01  -5.295195e-01  -1.971309e+01  -1.294133e+01
     161   1.139126e+00   8.217428e+01   2.188550e+00   2.783997e+01   5.348763e+01
     162   1.565949e-01   5.016585e+01   5.247828e-01   3.827141e+00   1.282556e+01
     163   3.423505e-02   4.096199e+01  -3.375491e-01   8.366961e-01  -8.249618e+00
     164   1.496537e+00   6.635231e+01   1.131377e+00   3.657500e+01   2.765057e+01
     165   6.624842e-02   3.513111e+01  -3.449970e-02   1.619095e+00  -8.431641e-01
     166   6.927652e-01   6.919733e+01   3.547711e-01   1.693101e+01   8.670520e+00
     167   9.936695e-01   5.625140e+01   7.721924e-01   2.428504e+01   1.887219e+01
     168  -7.110965e-01   4.037938e+01  -6.495806e-01  -1.737902e+01  -1.587559e+01
     169   1.047491e+00   5.065121e+01   8.474637e-01   2.560041e+01   2.071180e+01
     170  -1.609606e-01   4.314209e+01  -3.404054e-01  -3.933838e+00  -8.319423e+00
     171  -4.006312e-01   4.447693e+01   4.956613e-02  -9.791329e+00   1.211384e+00
     172   2.209575e-02   3.895826e+01  -4.138119e-01   5.400146e-01  -1.011346e+01
     173   5.156174e-01   4.681707e+01   7.288926e-01   1.260156e+01   1.781396e+01
     174  -4.959194e-01   3.535254e+01  -7.684761e-01  -1.212015e+01  -1.878137e+01
     175  -6.610218e-02   3.914771e+01   1.126042e-01  -1.615521e+00   2.752018e+00
     176  -6.019367e-02   3.431196e+01  -2.525214e-01  -1.471119e+00  -6.171561e+00
     177  -1.248986e+00   2.267556e+01  -1.373883e+00  -3.052490e+01  -3.357737e+01
     178   5.102460e-01   4.722377e+01  -1.080776e-01   1.247029e+01  -2.641390e+00
     179  -5.629541e-01   4.219918e+01  -8.032363e-01  -1.375846e+01  -1.963090e+01
     180  -4.020278e-01   3.410482e+01  -6.459339e-01  -9.825460e+00  -1.578647e+01
     181  -6.060325e-01   3.524823e+01  -3.238175e-01  -1.481129e+01  -7.914020e+00
     182  -5.510296e-01   3.261181e+01  -9.793678e-01  -1.346703e+01  -2.393551e+01
     183   9.493155e-02   4.186194e+01  -1.528816e-01   2.320104e+00  -3.736389e+00
     184   7.398320e-02   4.724191e+01   8.756567e-02   1.808131e+00   2.140083e+00
     185  -1.191727e+00   2.343837e+01  -1.354963e+00  -2.912551e+01  -3.311496e+01
     186  -2.496957e-01   2.679472e+01  -4.930373e-01  -6.102501e+00  -1.204971e+01
     187  -1.249724e-01   4.506904e+01  -5.467894e-01  -3.054295e+00  -1.336340e+01
     188  -6.169765e-02   5.090532e+01   5.157748e-01  -1.507876e+00   1.260541e+01
     189  -3.797903e-01   3.808394e+01  -5.116117e-01  -9.281982e+00  -1.250366e+01
     190   1.017130e-02   4.378712e+01  -5.673523e-02   2.485841e-01  -1.386595e+00
     191  -2.887993e-01   3.096943e+01  -3.772165e-01  -7.058183e+00  -9.219078e+00
     192  -9.365867e-01   2.620301e+01  -1.323346e+00  -2.288995e+01  -3.234225e+01
     193  -7.742638e-01   2.984828e+01  -6.639700e-01  -1.892282e+01  -1.622726e+01
     194  -3.097341e-02   4.278299e+01  -1.165974e-01  -7.569825e-01  -2.849611e+00
     195  -2.591493e-01   5.598948e+01  -1.791511e-01  -6.333545e+00  -4.378410e+00
     196  -1.996345e-01   4.079534e+01  -2.509101e-01  -4.879018e+00  -6.132180e+00
     197   7.361659e-01   5.281190e+01   1.084144e+00   1.799171e+01   2.649622e+01
     198  -5.242802e-01   2.858292e+01  -8.508768e-01  -1.281328e+01  -2.079522e+01
     199  -7.161456e-01   3.362462e+01  -9.039871e-01  -1.750242e+01  -2.209322e+01
     200  -1.080754e+00   2.234033e+01  -1.163236e+00  -2.641337e+01  -2.842919e+01
     201  -1.355446e+00   1.821424e+01  -1.292233e+00  -3.312677e+01  -3.158185e+01
     202  -6.886442e-01   2.266591e+01  -8.682294e-01  -1.683029e+01  -2.121931e+01
     203   7.640971e-01   5.303638e+01   5.351391e-01   1.867434e+01   1.307867e+01
     204  -6.508297e-01   3.220913e+01  -5.829194e-01  -1.590612e+01  -1.424641e+01
     205  -1.967339e-01   3.877818e+01  -3.159297e-01  -4.808129e+00  -7.721244e+00
     206   1.143759e-01   4.762966e+01   3.485053e-01   2.795319e+00   8.517384e+00
     207  -6.581348e-01   4.210625e+01  -1.091502e+00  -1.608465e+01  -2.667605e+01
     208  -5.618798e-01   3.198438e+01  -5.960268e-01  -1.373220e+01  -1.456675e+01
     209   2.483379e-01   2.870931e+01  -5.159098e-02   6.069318e+00  -1.260871e+00
     210   4.824223e-01   5.585334e+01   7.197882e-01   1.179028e+01   1.759145e+01
     211  -2.997569e-01   3.756290e+01  -2.220906e-01  -7.325984e+00  -5.427839e+00
     212   4.909091e-01   4.822598e+01   4.426220e-01   1.199770e+01   1.081757e+01
     213  -6.474995e-01   2.475264e+01  -5.733874e-01  -1.582473e+01  -1.401345e+01
     214   4.796292e-01   5.916563e+01   4.808664e-01   1.172202e+01   1.175226e+01
     215   1.051372e-01   3.585880e+01   8.628584e-02   2.569526e+00   2.108805e+00
     216   3.576991e-01   4.268585e+01  -4.750732e-02   8.742077e+00  -1.161067e+00
     217   9.321271e-02   4.295250e+01  -4.119581e-01   2.278096e+00  -1.006815e+01
     218   3.549059e-01   5.175033e+01  -3.146010e-02   8.673814e+00  -7.688770e-01
     219  -8.876937e-02   3.388083e+01  -1.046199e-01  -2.169502e+00  -2.556884e+00
     220   5.986588e-01   3.702419e+01   1.288669e-01   1.463107e+01   3.149475e+00
     221   6.226151e-01   4.304188e+01   3.842407e-01   1.521656e+01   9.390749e+00
     222  -1.697697e-01   2.902199e+01  -3.500997e-01  -4.149129e+00  -8.556350e+00
     223  -1.611661e+00   2.738317e+01  -1.412759e+00  -3.938859e+01  -3.452749e+01
     224  -2.822462e-01   5.325313e+01  -5.406508e-01  -6.898027e+00  -1.321337e+01
     225   5.129317e-01   3.693899e+01   2.288382e-01   1.253593e+01   5.592751e+00
     226  -5.213797e-01   3.771246e+01  -6.220731e-01  -1.274239e+01  -1.520331e+01
     227   9.078350e-01   4.190908e+01   2.745720e-01   2.218726e+01   6.710472e+00
     228  -9.795577e-01   3.466771e+01  -7.686786e-01  -2.394015e+01  -1.878632e+01
     229  -1.147789e+00   2.062365e+01  -1.194920e+00  -2.805168e+01  -2.920355e+01
     230   5.980278e-02   3.689023e+01  -2.535211e-01   1.461565e+00  -6.195993e+00
     231  -6.604982e-01   4.132619e+01  -6.970283e-01  -1.614241e+01  -1.703520e+01
     232   3.015280e-02   3.431601e+01  -2.836029e-04   7.369271e-01  -6.931186e-03
     233  -7.779164e-01   3.350869e+01  -1.019804e+00  -1.901209e+01  -2.492376e+01
     234  -1.052071e+00   2.830461e+01  -1.326018e+00  -2.571236e+01  -3.240756e+01
     235  -7.808169e-01   2.940132e+01  -7.813037e-01  -1.908297e+01  -1.909487e+01
     236   9.469385e-01   4.619890e+01   6.858705e-01   2.314295e+01   1.676251e+01
     237  -5.023650e-01   2.317875e+01  -5.319680e-01  -1.227768e+01  -1.300117e+01
     238  -3.118826e-02   3.835709e+01  -4.378220e-01  -7.622335e-01  -1.070026e+01
     239  -1.170993e+00   2.001941e+01  -9.887369e-01  -2.861879e+01  -2.416449e+01
     240  -1.126411e+00   2.749870e+01  -1.172707e+00  -2.752921e+01  -2.866067e+01
     241  -1.311294e+00   2.735540e+01  -1.671690e+00  -3.204769e+01  -4.085570e+01
     242  -4.639060e-01   2.129075e+01  -9.092038e-01  -1.133775e+01  -2.222072e+01
     243  -1.850244e-01   3.448905e+01  -4.391522e-01  -4.521950e+00  -1.073277e+01
     244  -7.349454e-01   2.426800e+01  -1.076451e+00  -1.796189e+01  -2.630819e+01
     245  -2.795605e-01   2.846362e+01  -6.039650e-01  -6.832390e+00  -1.476076e+01
     246  -1.179480e+00   3.938031e+01  -1.226017e+00  -2.882621e+01  -2.996355e+01
     247   5.270047e-01   4.353921e+01   8.511230e-01   1.287987e+01   2.080124e+01
     248   1.839889e-01   4.575717e+01  -3.306751e-01   4.496643e+00  -8.081618e+00
     249  -1.367894e-01   3.404134e+01  -2.059181e-01  -3.343100e+00  -5.032587e+00
     250  -3.537793e-02   2.729884e+01  -3.964598e-01  -8.646280e-01  -9.689380e+00
     251   9.355512e-01   4.782274e+01   1.051034e+00   2.286464e+01   2.568702e+01
     252   7.737655e-01   4.992053e+01   7.309232e-01   1.891064e+01   1.786358e+01
     253   6.152162e-02   2.852504e+01  -1.707543e-01   1.503573e+00  -4.173193e+00
     254  -7.112039e-01   3.165749e+01  -6.709782e-01  -1.738165e+01  -1.639854e+01
     255  -4.835652e-01   2.912418e+01  -2.956044e-01  -1.181821e+01  -7.224500e+00
     256  -9.054327e-01   3.288644e+01  -9.203432e-01  -2.212855e+01  -2.249296e+01
     257   6.415223e-01   4.001151e+01   3.797030e-01   1.567865e+01   9.279849e+00
     258  -5.667140e-01   2.594936e+01  -9.618917e-01  -1.385035e+01  -2.350840e+01
     259  -3.897810e-01   2.701860e+01  -6.474431e-01  -9.526153e+00  -1.582335e+01
     260  -6.177421e-01   3.689571e+01  -5.659881e-01  -1.509746e+01  -1.383261e+01
     261  -3.097476e-01   2.181135e+01  -6.711055e-01  -7.570155e+00  -1.640165e+01
     262  -1.027349e-01   4.182516e+01  -4.127445e-01  -2.510817e+00  -1.008737e+01
     263  -2.007088e-01   3.419013e+01  -4.144309e-01  -4.905273e+00  -1.012859e+01
     264   5.513907e-01   4.134012e+01  -1.694635e-01   1.347585e+01  -4.141647e+00
     265   5.236744e-01   3.711874e+01   4.045841e-01   1.279848e+01   9.887937e+00
     266  -4.167453e-01   3.839651e+01  -1.267706e-01  -1.018515e+01  -3.098243e+00
     267  -1.131030e+00   2.943426e+01  -1.208923e+00  -2.764210e+01  -2.954579e+01
     268  -4.813092e-01   4.097336e+01  -3.619814e-01  -1.176308e+01  -8.846736e+00
     269  -1.297113e+00   2.169846e+01  -1.318977e+00  -3.170113e+01  -3.223547e+01
     270  -7.801724e-01   2.310782e+01  -7.129570e-01  -1.906722e+01  -1.742449e+01
     271   3.858450e-01   4.370028e+01   4.930380e-01   9.429958e+00   1.204973e+01
     272  -2.277805e-01   4.706717e+01  -4.770497e-01  -5.566899e+00  -1.165898e+01
     273  -2.103772e-01   3.319333e+01  -4.185765e-01  -5.141568e+00  -1.022991e+01
     274  -1.297435e+00   1.950254e+01  -1.800931e+00  -3.170900e+01  -4.401432e+01
     275  -1.257043e+00   2.183731e+01  -1.597546e+00  -3.072182e+01  -3.904362e+01
     276   9.933607e-02   4.219448e+01   1.343006e-01   2.427749e+00   3.282274e+00
     277  -2.045761e-01   3.150508e+01  -1.724767e-01  -4.999791e+00  -4.215289e+00
     278  -6.351453e-01   3.309903e+01  -8.217019e-01  -1.552280e+01  -2.008219e+01
     279  -2.518442e-01   4.091156e+01  -2.010174e-01  -6.155011e+00  -4.912817e+00
     280   6.803037e-01   3.865531e+01   7.217510e-01   1.662645e+01   1.763942e+01
     281  -7.406391e-01   2.099039e+01  -8.138389e-01  -1.810104e+01  -1.989002e+01
     282  -5.283624e-01   3.388229e+01  -5.939552e-01  -1.291305e+01  -1.451612e+01
     283  -5.480217e-01   3.962899e+01  -4.336108e-01  -1.339351e+01  -1.059734e+01
     284   5.196057e-02   5.248113e+01  -1.508945e-01   1.269904e+00  -3.687825e+00
     285  -9.524860e-01   2.432747e+01  -1.077747e+00  -2.327852e+01  -2.633987e+01
     286  -1.012216e+00   2.739687e+01  -9.183352e-01  -2.473830e+01  -2.244389e+01
     287  -1.368875e+00   2.885711e+01  -1.292007e+00  -3.345496e+01  -3.157632e+01
     288  -2.115589e-01   2.865322e+01   7.062445e-02  -5.170448e+00   1.726044e+00
     289  -1.259191e+00   3.107188e+01  -1.335183e+00  -3.077433e+01  -3.263155e+01
     290  -7.217318e-01   2.635681e+01  -9.232590e-01  -1.763895e+01  -2.256422e+01
     291  -8.867404e-01   2.639166e+01  -9.336760e-01  -2.167172e+01  -2.281881e+01
     292  -3.469175e-01   3.205125e+01  -3.132567e-01  -8.478579e+00  -7.655918e+00
     293  -1.173357e+00   2.227202e+01  -1.215815e+00  -2.867655e+01  -2.971423e+01
     294   4.767287e-01   4.619131e+01   5.324748e-01   1.165113e+01   1.301355e+01
     295   1.124558e-02   2.788841e+01   4.240065e-02   2.748391e-01   1.036262e+00
     296  -1.584589e+00   1.568013e+01  -1.728440e+00  -3.872697e+01  -4.224264e+01
     297   1.083909e+00   6.932281e+01   1.605124e+00   2.649046e+01   3.922883e+01
     298   5.582796e-02   4.694366e+01  -2.059425e-02   1.364422e+00  -5.033185e-01
     299  -1.351901e+00   1.578992e+01  -1.562375e+00  -3.304013e+01  -3.818405e+01
     300  -5.616649e-01   2.757217e+01  -5.740689e-01  -1.372695e+01  -1.403010e+01
     301  -8.908226e-01   3.805013e+01  -1.011234e+00  -2.177149e+01  -2.471431e+01
     302  -4.236207e-01   3.446088e+01  -6.971854e-01  -1.035319e+01  -1.703904e+01
     303  -6.500777e-01   2.881564e+01  -8.944879e-01  -1.588774e+01  -2.186107e+01
     304  -2.693549e-01   3.459251e+01  -5.769245e-01  -6.582967e+00  -1.409989e+01
     305   5.239028e-02   5.053147e+01   7.575591e-01   1.280406e+00   1.851456e+01
     306  -5.363121e-01   4.063658e+01  -5.863925e-01  -1.310734e+01  -1.433129e+01
     307   1.425354e-02   4.647434e+01   1.056238e-01   3.483531e-01   2.581419e+00
     308   9.297502e-01   4.403374e+01   5.834255e-01   2.272287e+01   1.425878e+01
     309  -1.008133e+00   1.931041e+01  -1.009584e+00  -2.463853e+01  -2.467400e+01
     310   3.380398e-01   3.448814e+01   3.771595e-01   8.261611e+00   9.217686e+00
     311  -6.872476e-01   2.245208e+01  -6.061283e-01  -1.679616e+01  -1.481363e+01
     312  -1.267987e-01   3.493857e+01  -2.119041e-01  -3.098929e+00  -5.178885e+00
     313   1.284046e+00   6.043505e+01   1.193974e+00   3.138177e+01   2.918043e+01
     314  -8.010133e-01   1.981280e+01  -1.186760e+00  -1.957657e+01  -2.900413e+01
     315   2.703606e-01   2.836497e+01   1.833217e-01   6.607546e+00   4.480338e+00
     316  -3.816166e-01   3.851818e+01  -4.041852e-01  -9.326615e+00  -9.878187e+00
     317   9.889427e-01   4.667223e+01   6.140643e-01   2.416952e+01   1.500758e+01
     318  -4.542375e-01   3.128949e+01  -2.686710e-01  -1.110145e+01  -6.566254e+00
     319   8.644478e-02   5.414911e+01   6.718751e-01   2.112689e+00   1.642046e+01
     320  -7.667439e-01   3.619918e+01  -6.702092e-01  -1.873903e+01  -1.637975e+01
     321   6.334788e-02   4.078500e+01   3.840885e-01   1.548207e+00   9.387028e+00
     322  -1.183885e+00   2.179436e+01  -1.347158e+00  -2.893385e+01  -3.292422e+01
     323   1.569172e-01   4.429840e+01   2.422679e-03   3.835017e+00   5.920969e-02
     324  -5.690774e-01   4.771503e+01  -8.206878e-01  -1.390811e+01  -2.005741e+01
     325  -7.276403e-01   1.855413e+01  -4.224625e-01  -1.778335e+01  -1.032488e+01
     326  -4.524112e-01   2.188705e+01  -4.091372e-01  -1.105682e+01  -9.999214e+00
     327   9.968923e-01   5.833058e+01   5.592916e-01   2.436380e+01   1.366895e+01
     328  -1.545150e-01   2.402235e+01  -3.545795e-01  -3.776308e+00  -8.665836e+00
     329  -5.381383e-01   2.357217e+01  -7.550366e-01  -1.315197e+01  -1.845291e+01
     330   2.931352e-01   3.184151e+01   2.950360e-01   7.164152e+00   7.210608e+00
     331   5.100312e-01   9.638966e+01   2.150733e+00   1.246504e+01   5.256339e+01
     332  -1.510142e+00   1.855864e+01  -1.930964e+00  -3.690749e+01  -4.719229e+01
     333  -9.961954e-02   3.270226e+01  -9.604231e-03  -2.434677e+00  -2.347250e-01
     334  -6.433098e-01   2.663824e+01  -7.816416e-01  -1.572233e+01  -1.910313e+01
     335   1.095188e+00   6.109369e+01   1.065005e+00   2.676614e+01   2.602847e+01
     336  -1.089456e+00   2.126190e+01  -8.211918e-01  -2.662604e+01  -2.006973e+01
     337  -1.081721e+00   3.161151e+01  -8.753614e-01  -2.643700e+01  -2.139362e+01
     338  -8.179868e-01   3.144709e+01  -5.901719e-01  -1.999140e+01  -1.442366e+01
     339   1.189832e+00   5.640504e+01   1.194944e+00   2.907920e+01   2.920414e+01
     340  -1.043463e-01   3.537970e+01   1.313199e-01  -2.550199e+00   3.209427e+00
     341   8.442379e-01   5.558026e+01   8.363795e-01   2.063297e+01   2.044091e+01
     342  -4.765824e-01   3.288013e+01  -1.508125e-01  -1.164756e+01  -3.685821e+00
     343  -1.883411e-02   2.279619e+01  -1.081789e-01  -4.603010e-01  -2.643865e+00
     344  -6.586719e-01   2.547690e+01  -6.228402e-01  -1.609778e+01  -1.522206e+01
     345  -4.451062e-01   2.867218e+01  -3.949601e-01  -1.087829e+01  -9.652728e+00
     346   6.721392e-01   4.169089e+01   7.166097e-01   1.642692e+01   1.751376e+01
     347  -7.491123e-02   3.342083e+01   8.398575e-02  -1.830812e+00   2.052591e+00
     348   1.859226e-01   3.201431e+01   4.426002e-01   4.543902e+00   1.081704e+01
     349  -3.728075e-01   4.601515e+01  -1.349571e-01  -9.111324e+00  -3.298319e+00
     350   3.083899e-01   3.319476e+01  -7.073279e-02   7.536973e+00  -1.728692e+00
     351   5.973697e-01   6.190899e+01   9.569179e-01   1.459957e+01   2.338684e+01
     352  -5.088106e-01   2.116752e+01  -3.979741e-01  -1.243521e+01  -9.726389e+00
     353   9.468311e-01   4.755971e+01   1.103692e+00   2.314032e+01   2.697396e+01
     354  -7.954270e-01   2.902366e+01  -9.275091e-01  -1.944004e+01  -2.266809e+01
     355  -5.437246e-01   2.475741e+01  -5.322601e-01  -1.328849e+01  -1.300831e+01
     356   4.499792e-01   2.663561e+01   4.990669e-01   1.099738e+01   1.219707e+01
     357   7.537976e-02   3.283115e+01  -7.402884e-03   1.842263e+00  -1.809247e-01
     358  -4.285624e-01   2.711340e+01  -4.962663e-01  -1.047396e+01  -1.212863e+01
     359  -6.306334e-01   3.065393e+01  -5.282786e-01  -1.541252e+01  -1.291100e+01
     360  -4.238355e-01   3.012078e+01  -4.006108e-01  -1.035844e+01  -9.790830e+00
     361  -4.151339e-01   2.813992e+01  -3.237301e-01  -1.014577e+01  -7.911884e+00
     362  -5.249248e-01   2.045580e+01  -5.842218e-01  -1.282903e+01  -1.427824e+01
     363  -2.334606e-02   2.986418e+01  -1.579351e-01  -5.705720e-01  -3.859896e+00
     364   3.545837e-01   3.309560e+01   2.554564e-01   8.665938e+00   6.243293e+00
     365   6.159546e-01   3.909038e+01   6.997194e-01   1.505378e+01   1.710097e+01
     366   4.080825e-01   4.100304e+01   4.590779e-01   9.973437e+00   1.121975e+01
     367  -1.374340e-01   3.171955e+01  -2.484428e-01  -3.358853e+00  -6.071882e+00
     368  -7.197981e-01   2.635976e+01  -2.826393e-01  -1.759169e+01  -6.907635e+00
     369  -5.922818e-01   4.924502e+01  -9.619214e-02  -1.447522e+01  -2.350912e+00
     370  -1.840440e-02   2.783064e+01   6.966847e-02  -4.497990e-01   1.702680e+00
     371  -3.009386e-01   2.871131e+01  -2.814542e-01  -7.354864e+00  -6.878671e+00
     372  -7.965013e-01   2.500654e+01  -7.395106e-01  -1.946630e+01  -1.807346e+01
     373  -2.919147e-01   2.343340e+01  -1.671073e-01  -7.134322e+00  -4.084062e+00
     374   1.000975e+00   5.541231e+01   9.839419e-01   2.446357e+01   2.404730e+01
     375   5.868418e-01   4.712497e+01   1.870272e-01   1.434227e+01   4.570899e+00
     376  -9.147789e-01   3.623834e+01  -1.118687e+00  -2.235697e+01  -2.734043e+01
     377  -4.596089e-01   3.516355e+01  -4.784533e-01  -1.123273e+01  -1.169328e+01
     378  -1.204296e+00   2.805302e+01  -1.048746e+00  -2.943270e+01  -2.563110e+01
     379   1.444556e-01   3.603327e+01  -2.030532e-01   3.530459e+00  -4.962570e+00
     380  -3.053431e-01   3.824670e+01  -7.786968e-02  -7.462510e+00  -1.903116e+00
     381  -6.453509e-01   3.155811e+01  -3.998902e-01  -1.577222e+01  -9.773218e+00
     382  -1.442019e-01   4.719954e+01   1.253380e-01  -3.524260e+00   3.063230e+00
     383  -2.882486e-02   3.847317e+01   4.256246e-01  -7.044725e-01   1.040216e+01
     384   5.067144e-02   4.460629e+01   5.264309e-02   1.238398e+00   1.286584e+00
     385   6.914896e-02   5.303061e+01   9.077973e-02   1.689984e+00   2.218634e+00
     386  -8.508596e-01   3.233140e+01  -9.649934e-01  -2.079480e+01  -2.358420e+01
     387   1.079303e-01   3.404301e+01  -1.366653e-01   2.637789e+00  -3.340065e+00
     388   9.246072e-02   3.539767e+01   1.352594e-01   2.259717e+00   3.305707e+00
     389   2.207291e-01   4.684224e+01   2.638168e-01   5.394564e+00   6.447617e+00
     390   1.081451e-01   5.180729e+01   1.075560e-01   2.643040e+00   2.628643e+00
     391  -2.132778e-01   4.073645e+01  -4.668986e-02  -5.212456e+00  -1.141089e+00
     392   4.291383e-01   4.250190e+01   2.843649e-01   1.048803e+01   6.949809e+00
     393  -5.935709e-01   2.889917e+01  -8.088489e-01  -1.450673e+01  -1.976807e+01
     394  -2.674212e-01   3.627028e+01  -8.277687e-02  -6.535708e+00  -2.023046e+00
     395  -2.494808e-01   3.452245e+01  -2.718456e-01  -6.097250e+00  -6.643839e+00
     396  -6.675884e-01   2.745325e+01  -6.457203e-01  -1.631570e+01  -1.578125e+01
     397   1.333906e-01   3.926371e+01   4.970779e-01   3.260033e+00   1.214846e+01
     398   3.001180e-01   3.052881e+01  -5.769385e-02   7.334809e+00  -1.410024e+00
     399   6.738580e-01   2.728054e+01   2.562288e-01   1.646892e+01   6.262168e+00
     400  -1.954448e-01   4.395227e+01  -1.816329e-01  -4.776623e+00  -4.439064e+00
     401  -4.118037e-01   3.929681e+01  -2.810682e-01  -1.006438e+01  -6.869237e+00
     402   2.059041e-01   3.952296e+01  -6.295717e-02   5.032245e+00  -1.538658e+00
     403  -4.583198e-01   3.250526e+01  -3.002157e-01  -1.120122e+01  -7.337197e+00
     404  -3.940781e-01   3.388654e+01  -2.406209e-01  -9.631173e+00  -5.880716e+00
     405   2.123633e-02   5.013144e+01  -2.004470e-01   5.190106e-01  -4.898875e+00
     406  -3.426204e-01   4.693526e+01  -1.685567e-01  -8.373559e+00  -4.119483e+00
     407  -4.781938e-01   3.076917e+01  -5.594501e-01  -1.168694e+01  -1.367282e+01
     408  -6.848842e-01   3.853379e+01  -7.698146e-01  -1.673840e+01  -1.881408e+01
     409   5.851365e-02   2.818106e+01  -7.818010e-02   1.430059e+00  -1.910702e+00
     410  -6.552342e-01   3.408964e+01  -8.870092e-01  -1.601376e+01  -2.167829e+01
     411  -3.464878e-01   3.680284e+01  -3.588197e-01  -8.468077e+00  -8.769464e+00
     412   1.636851e-01   4.499367e+01  -2.669063e-01   4.000424e+00  -6.523123e+00
     413   2.929338e-02   3.762614e+01  -1.617004e-01   7.159231e-01  -3.951919e+00
     414  -1.425905e-01   4.134932e+01  -4.163791e-01  -3.484877e+00  -1.017620e+01
     415  -5.639209e-01   5.233094e+01  -4.108222e-01  -1.378209e+01  -1.004039e+01
     416   3.419072e-01   4.182019e+01  -1.522272e-01   8.356129e+00  -3.720395e+00
     417  -1.000936e+00   3.334310e+01  -1.097266e+00  -2.446262e+01  -2.681692e+01
     418  -8.497853e-01   4.070125e+01  -9.666724e-01  -2.076855e+01  -2.362524e+01
     419   5.401108e-01   3.426545e+01   2.461854e-02   1.320018e+01   6.016710e-01
     420  -4.093328e-01   3.075007e+01  -6.379658e-01  -1.000399e+01  -1.559173e+01
     421  -9.547419e-01   3.427451e+01  -5.446170e-01  -2.333366e+01  -1.331031e+01
     422  -1.305922e+00   3.232723e+01  -8.809983e-01  -3.191642e+01  -2.153138e+01
     423  -2.364821e-01   1.995900e+01  -2.856352e-01  -5.779564e+00  -6.980853e+00
     424  -1.547312e+00   1.614401e+01  -1.563351e+00  -3.781592e+01  -3.820792e+01
     425  -3.218869e-01   3.271525e+01  -4.659173e-01  -7.866837e+00  -1.138690e+01
     426  -1.141236e+00   4.086896e+01  -1.370214e+00  -2.789153e+01  -3.348770e+01
     427  -6.139821e-01   4.868785e+01  -6.900216e-01  -1.500557e+01  -1.686396e+01
     428   4.202218e-01   4.612910e+01   3.371534e-01   1.027012e+01   8.239945e+00
     429   1.009569e+00   5.230450e+01   7.890004e-01   2.467361e+01   1.928298e+01
     430  -8.295890e-01   2.987705e+01  -6.861337e-01  -2.027495e+01  -1.676894e+01
     431   5.435485e-01   5.161739e+01   5.221664e-01   1.328419e+01   1.276162e+01
     432   8.177033e-01   4.665819e+01   8.590708e-01   1.998447e+01   2.099548e+01
     433  -1.419473e+00   2.234400e+01  -1.412889e+00  -3.469157e+01  -3.453065e+01
     434  -2.248664e-02   3.757255e+01  -2.175568e-01  -5.495680e-01  -5.317035e+00
     435  -7.398871e-01   3.686307e+01  -8.034859e-01  -1.808266e+01  -1.963700e+01
     436   1.124422e-01   7.338844e+01   1.562910e+00   2.748060e+00   3.819715e+01
     437   2.917386e-01   5.645555e+01   1.769659e-01   7.130020e+00   4.325002e+00
     438  -1.303438e-01   3.438039e+01  -1.469879e-01  -3.185570e+00  -3.592348e+00
     439  -1.097835e+00   2.509337e+01  -1.405835e+00  -2.683082e+01  -3.435825e+01
     440  -5.880921e-01   3.145988e+01  -6.623679e-02  -1.437283e+01  -1.618811e+00
     441   3.294592e-02   3.347724e+01   2.196686e-01   8.051901e-01   5.368648e+00
     442  -1.206982e+00   2.677044e+01  -1.307468e+00  -2.949833e+01  -3.195421e+01
     443   3.400810e-01   4.940350e+01   4.506118e-01   8.311495e+00   1.101284e+01
     444   1.037406e-01   3.820739e+01  -2.003087e-02   2.535395e+00  -4.895496e-01
     445  -4.322014e-02   2.757981e+01  -1.058369e-01  -1.056289e+00  -2.586627e+00
     446   1.563035e+00   6.261334e+01   2.128013e+00   3.820019e+01   5.200810e+01
     447  -2.149966e-01   3.227895e+01  -2.925188e-01  -5.254464e+00  -7.149088e+00
     448  -1.012216e+00   3.044003e+01  -6.238770e-01  -2.473830e+01  -1.524740e+01
     449  -9.043585e-01   1.558224e+01  -8.733793e-01  -2.210230e+01  -2.134518e+01
     450  -1.249308e+00   1.675172e+01  -1.448840e+00  -3.053278e+01  -3.540928e+01
     451  -5.865881e-01   2.719820e+01  -7.469745e-01  -1.433607e+01  -1.825587e+01
     452  -8.651339e-02   4.206118e+01  -3.461348e-01  -2.114366e+00  -8.459450e+00
     453  -7.327969e-01   2.322114e+01  -8.422996e-01  -1.790938e+01  -2.058560e+01
     454  -3.966564e-01   3.627635e+01  -5.474405e-01  -9.694185e+00  -1.337931e+01
     455  -4.046060e-01   2.511907e+01  -3.167012e-01  -9.888472e+00  -7.740101e+00
     456  -1.383163e+00   1.991981e+01  -1.522817e+00  -3.380415e+01  -3.721727e+01
     457   2.053670e-01   3.862727e+01  -9.735876e-02   5.019118e+00  -2.379424e+00
     458  -8.562310e-01   2.104827e+01  -1.212225e+00  -2.092608e+01  -2.962649e+01
     459   5.459119e-01   5.116692e+01   5.300697e-02   1.334195e+01   1.295477e+00
     460   5.085272e-01   3.219613e+01   3.824240e-01   1.242828e+01   9.346348e+00
     461  -2.966415e-01   3.516482e+01  -2.105633e-02  -7.249844e+00  -5.146115e-01
     462  -8.995242e-01   2.772643e+01  -9.296514e-01  -2.198415e+01  -2.272045e+01
     463   1.896825e-01   4.191612e+01  -1.312635e-01   4.635795e+00  -3.208048e+00
     464   1.849557e-01   3.036129e+01   2.756523e-01   4.520273e+00   6.736875e+00
     465   4.118425e-01   3.578949e+01   3.750126e-01   1.006533e+01   9.165216e+00
     466   2.484454e-01   3.065027e+01   2.345320e-01   6.071944e+00   5.731903e+00
     467   5.551921e-03   4.656511e+01   2.815406e-01   1.356876e-01   6.880782e+00
     468  -9.618321e-01   1.868946e+01  -9.686609e-01  -2.350694e+01  -2.367383e+01
     469  -4.378011e-01   2.711904e+01  -3.341614e-01  -1.069975e+01  -8.166824e+00
     470  -2.061876e-01   2.874761e+01  -5.447042e-02  -5.039173e+00  -1.331244e+00
     471   7.251009e-01   4.225106e+01   5.511609e-01   1.772129e+01   1.347024e+01
     472   1.950539e-01   4.094387e+01   1.298260e-01   4.767070e+00   3.172916e+00
     473  -2.874027e-01   4.181456e+01  -9.562487e-02  -7.024051e+00  -2.337048e+00
     474   7.163993e-01   5.574822e+01   1.430017e+00   1.750862e+01   3.494927e+01
     475   8.882172e-03   4.028881e+01  -2.098093e-01   2.170781e-01  -5.127687e+00
     476  -2.832130e-01   4.457233e+01  -2.350454e-01  -6.921657e+00  -5.744451e+00
     477  -3.138298e-01   4.611817e+01  -3.712654e-01  -7.669925e+00  -9.073636e+00
     478  -4.524112e-01   3.249266e+01  -5.823133e-01  -1.105682e+01  -1.423160e+01
     479  -1.560189e-01   2.462225e+01  -3.956552e-01  -3.813065e+00  -9.669717e+00
     480  -7.888604e-02   4.844155e+01   4.374484e-01  -1.927956e+00   1.069113e+01
     481   5.784624e-01   4.095781e+01   6.342845e-01   1.413748e+01   1.550176e+01
     482   2.872267e-01   3.964632e+01   7.712086e-01   7.019749e+00   1.884815e+01
     483   1.382664e+00   3.510975e+01   1.079785e+00   3.379197e+01   2.638969e+01
     484  -7.598550e-02   2.861023e+01  -1.838159e-01  -1.857067e+00  -4.492416e+00
     485  -4.179270e-01   2.170622e+01  -5.373344e-01  -1.021403e+01  -1.313232e+01
     486   2.874415e-01   3.839019e+01   3.337626e-01   7.025000e+00   8.157076e+00
     487  -4.573529e-01   2.539689e+01  -4.404902e-01  -1.117759e+01  -1.076547e+01
     488   1.353874e+00   4.104952e+01   7.845205e-01   3.308834e+01   1.917349e+01
     489   8.447751e-01   3.727475e+01   9.168341e-01   2.064610e+01   2.240720e+01
     490  -2.928815e-01   3.012019e+01  -5.882519e-01  -7.157952e+00  -1.437673e+01
     491   2.307198e-01   3.755866e+01  -3.416220e-01   5.638736e+00  -8.349158e+00
     492   3.774657e-01   3.432583e+01   3.452733e-01   9.225169e+00   8.438394e+00
     493  -5.674660e-01   2.419075e+01  -5.490500e-01  -1.386873e+01  -1.341865e+01
     494  -2.547448e-01   5.067091e+01  -1.996662e-01  -6.225899e+00  -4.879793e+00
     495   3.278342e-01   4.240898e+01  -1.490553e-01   8.012188e+00  -3.642874e+00
     496  -5.269659e-01   2.838881e+01  -4.082735e-01  -1.287892e+01  -9.978104e+00
     497  -4.355451e-01   3.220989e+01  -4.647791e-01  -1.064462e+01  -1.135909e+01
     498  -2.667766e-01   2.913450e+01  -3.990677e-01  -6.519955e+00  -9.753116e+00
     499  -4.672362e-01   2.720592e+01  -3.963486e-01  -1.141914e+01  -9.686662e+00
     500  -1.592418e-01   2.442452e+01   8.843803e-02  -3.891830e+00   2.161404e+00
     501  -2.572156e-01   3.681076e+01   2.243318e-02  -6.286286e+00   5.482614e-01
     502  -6.416849e-02   3.235528e+01  -1.401403e-01  -1.568262e+00  -3.424995e+00
     503   1.974173e-01   4.218222e+01   3.660701e-02   4.824831e+00   8.946664e-01
     504  -2.255245e-01   2.562484e+01  -1.241483e-01  -5.511763e+00  -3.034153e+00
     505  -8.329192e-01   2.733763e+01  -8.683922e-01  -2.035634e+01  -2.122329e+01
     506  -4.606832e-01   3.916460e+01  -3.566032e-01  -1.125898e+01  -8.715296e+00
     507  -5.320150e-01   2.735008e+01  -6.955297e-01  -1.300232e+01  -1.699858e+01
     508   4.970460e-02   2.940067e+01  -2.534560e-01   1.214768e+00  -6.194403e+00
     509  -1.137046e+00   2.668676e+01  -9.501380e-01  -2.778913e+01  -2.322114e+01
     510  -1.437722e-01   3.707177e+01  -4.237003e-02  -3.513758e+00  -1.035513e+00
     511  -6.565234e-01   2.898495e+01  -1.121154e+00  -1.604527e+01  -2.740073e+01
     512  -2.538853e-01   2.644630e+01  -5.326816e-01  -6.204895e+00  -1.301861e+01
     513  -2.350855e-01   3.466597e+01  -1.485466e-01  -5.745433e+00  -3.630444e+00
     514  -5.241728e-01   2.591772e+01  -1.720823e-01  -1.281065e+01  -4.205649e+00
     515   1.618724e-02   3.104439e+01   2.766394e-01   3.956121e-01   6.760999e+00
     516   3.593105e-01   4.407535e+01  -7.129987e-03   8.781460e+00  -1.742551e-01
     517  -4.663768e-01   2.533887e+01  -8.164193e-01  -1.139813e+01  -1.995309e+01
     518   3.726315e-01   3.338180e+01   3.572497e-01   9.107022e+00   8.731096e+00
     519  -5.513519e-01   4.662731e+01  -3.251649e-01  -1.347491e+01  -7.946950e+00
     520   9.054716e-01   5.363322e+01   6.667676e-01   2.212950e+01   1.629564e+01
     521  -3.707664e-01   2.612728e+01  -6.128229e-01  -9.061440e+00  -1.497724e+01
     522  -9.908376e-01   2.678277e+01  -1.098892e+00  -2.421583e+01  -2.685666e+01
     523  -2.753708e-01   2.274233e+01  -3.410905e-01  -6.729995e+00  -8.336169e+00
     524  -5.097775e-01   1.883552e+01  -8.214257e-01  -1.245884e+01  -2.007544e+01
     525   1.697010e-01   2.187352e+01   5.574230e-02   4.147452e+00   1.362328e+00
     526   9.932398e-01   5.191786e+01   3.888781e-01   2.427454e+01   9.504085e+00
     527   3.219257e-01   3.661361e+01   4.036221e-01   7.867786e+00   9.864425e+00
     528   5.976920e-01   4.041334e+01   6.166214e-01   1.460744e+01   1.507007e+01
     529  -4.966713e-01   2.615403e+01  -4.619868e-01  -1.213853e+01  -1.129084e+01
     530  -1.796651e+00   1.641363e+01  -1.544779e+00  -4.390970e+01  -3.775402e+01
     531  -3.530409e-01   4.678805e+01  -4.135829e-01  -8.628232e+00  -1.010786e+01
     532  -3.302662e-01   2.186365e+01  -5.835551e-01  -8.071626e+00  -1.426194e+01
     533   8.041675e-01   5.626908e+01   5.331163e-01   1.965366e+01   1.302923e+01
     534  -3.659322e-01   2.887991e+01  -3.216986e-01  -8.943292e+00  -7.862234e+00
     535  -1.675137e-01   3.768148e+01  -2.816717e-01  -4.093993e+00  -6.883987e+00
     536   3.218183e-01   3.198484e+01   2.642655e-01   7.865160e+00   6.458585e+00
     537   2.671513e-02   3.536738e+01   2.222110e-01   6.529111e-01   5.430782e+00
     538  -1.545593e+00   1.015699e+01  -1.533470e+00  -3.777391e+01  -3.747764e+01
     539  -9.723600e-01   2.185559e+01  -1.378542e+00  -2.376424e+01  -3.369123e+01
     540  -5.324447e-01   2.544972e+01  -8.338884e-01  -1.301282e+01  -2.038003e+01
     541   7.228449e-01   5.728717e+01   5.779701e-01   1.766615e+01   1.412545e+01
     542  -1.213964e+00   2.388916e+01  -1.333104e+00  -2.966899e+01  -3.258073e+01
     543   1.352585e+00   5.190690e+01   1.177841e+00   3.305683e+01   2.878615e+01
     544   3.713559e-02   2.456698e+01  -8.791706e-02   9.075847e-01  -2.148671e+00
     545   3.199920e-01   4.251292e+01   4.537245e-01   7.820527e+00   1.108891e+01
     546  -6.525486e-01   2.467192e+01  -9.537804e-01  -1.594813e+01  -2.331016e+01
     547   1.572596e+00   6.303314e+01   1.018535e+00   3.843386e+01   2.489275e+01
     548  -1.607041e+00   2.241168e+01  -1.582855e+00  -3.927570e+01  -3.868458e+01
     549   7.334802e-01   5.000720e+01   4.124710e-01   1.792608e+01   1.008069e+01
     550  -1.965191e-01   2.467711e+01  -3.895227e-01  -4.802878e+00  -9.519839e+00
     551   3.357839e-01   4.692046e+01   3.454761e-01   8.206475e+00   8.443351e+00
     552   1.065001e+00   5.064723e+01   8.325384e-01   2.602837e+01   2.034704e+01
     553  -1.650428e-01   3.144386e+01  -7.238633e-02  -4.033607e+00  -1.769104e+00
     554   5.154025e-01   3.634676e+01   2.738812e-01   1.259631e+01   6.693589e+00
     555  -7.620036e-02   2.846035e+01  -5.328301e-02  -1.862318e+00  -1.302224e+00
     556  -1.014579e+00   2.493840e+01  -8.332341e-01  -2.479606e+01  -2.036404e+01
     557  -6.096850e-01   3.184314e+01  -3.638110e-01  -1.490055e+01  -8.891452e+00
     558  -1.380477e+00   2.054759e+01  -1.467397e+00  -3.373852e+01  -3.586282e+01
     559   1.241518e-01   3.359392e+01   4.971246e-03   3.034240e+00   1.214960e-01
     560  -2.205828e-01   2.585107e+01  -4.021345e-01  -5.390990e+00  -9.828067e+00
     561  -1.590269e-01   3.166700e+01  -3.099510e-01  -3.886579e+00  -7.575125e+00
     562   1.462819e-01   3.604810e+01  -7.744000e-02   3.575093e+00  -1.892615e+00
     563  -5.278118e-02   3.560832e+01  -3.017211e-02  -1.289959e+00  -7.373990e-01
     564   6.667813e-02   4.409552e+01  -2.700173e-01   1.629597e+00  -6.599156e+00
     565  -1.884620e-01   3.445452e+01  -3.617910e-01  -4.605966e+00  -8.842083e+00
     566  -3.054505e-01   2.757020e+01  -2.541160e-01  -7.465135e+00  -6.210532e+00
     567  -1.001688e+00   2.268855e+01  -1.474212e+00  -2.448100e+01  -3.602937e+01
     568  -1.017694e+00   2.143853e+01  -1.310704e+00  -2.487220e+01  -3.203328e+01
     569   1.949465e-01   2.830674e+01  -2.880326e-01   4.764444e+00  -7.039446e+00
     570  -2.952449e-01   3.764309e+01  -3.691237e-01  -7.215713e+00  -9.021292e+00
     571  -5.926040e-01   2.954788e+01  -9.540757e-01  -1.448310e+01  -2.331738e+01
     572  -1.287324e-01   3.035161e+01  -5.445371e-01  -3.146188e+00  -1.330835e+01
     573  -2.847170e-01   3.951275e+01  -5.100718e-01  -6.958414e+00  -1.246603e+01
     574  -4.087957e-01   3.463580e+01  -4.004869e-01  -9.990867e+00  -9.787802e+00
     575  -6.265511e-01   2.685732e+01  -8.127733e-01  -1.531276e+01  -1.986398e+01
     576  -3.312196e-02   2.609029e+01  -6.395245e-01  -8.094925e-01  -1.562982e+01
     577  -6.073081e-02   2.165813e+01  -9.527981e-02  -1.484246e+00  -2.328615e+00
     578  -8.973622e-02   2.964657e+01  -7.048851e-02  -2.193131e+00  -1.722722e+00
     579   3.636076e-01   4.325356e+01   7.275832e-02   8.886480e+00   1.778196e+00
     580  -4.637986e-01   2.643835e+01  -6.711389e-01  -1.133512e+01  -1.640247e+01
     581  -2.019979e-01   3.316876e+01  -1.775528e-02  -4.936779e+00  -4.339348e-01
     582  -3.843022e-01   2.224394e+01  -3.722002e-01  -9.392253e+00  -9.096482e+00
     583  -1.473939e+00   3.019952e+01  -1.391593e+00  -3.602270e+01  -3.401019e+01
     584  -1.209882e+00   2.652884e+01  -1.101416e+00  -2.956922e+01  -2.691834e+01
     585  -3.184492e-01   1.991666e+01  -6.915246e-01  -7.782821e+00  -1.690069e+01
     586  -3.892439e-01   3.314634e+01  -5.170480e-01  -9.513026e+00  -1.263653e+01
     587   8.331729e-01   4.395345e+01   3.171158e-01   2.036254e+01   7.750233e+00
     588  -5.654114e-02   2.682812e+01  -2.977156e-01  -1.381852e+00  -7.276097e+00
     589  -4.934350e-02   3.649682e+01   2.082783e-01  -1.205943e+00   5.090271e+00
     590  -1.128331e-01   3.927301e+01  -4.485040e-01  -2.757614e+00  -1.096133e+01
     591  -4.843172e-01   2.937104e+01  -5.586074e-01  -1.183659e+01  -1.365223e+01
     592   5.034916e-02   3.314729e+01  -1.453539e-01   1.230521e+00  -3.552414e+00
     593   2.961567e-02   5.306846e+01   4.827092e-01   7.237996e-01   1.179729e+01
     594   6.280939e-01   4.575517e+01   3.991422e-01   1.535046e+01   9.754937e+00
     595  -5.773494e-01   3.826024e+01  -8.073486e-01  -1.411028e+01  -1.973140e+01
     596   4.809183e-01   4.552617e+01   1.533588e-01   1.175353e+01   3.748052e+00
     597  -6.875699e-01   3.718635e+01  -1.143611e+00  -1.680404e+01  -2.794958e+01
     598  -4.564935e-01   2.122084e+01  -7.042512e-01  -1.115659e+01  -1.721173e+01
     599   3.541540e-01   3.936104e+01  -1.332225e-01   8.655436e+00  -3.255925e+00
     600  -3.541151e-01   3.442759e+01  -7.957501e-01  -8.654487e+00  -1.944794e+01
     601  -7.296815e-01   2.760738e+01  -7.259650e-01  -1.783324e+01  -1.774241e+01
     602   1.304900e-01   5.314805e+01   1.552646e-01   3.189144e+00   3.794628e+00
     603  -1.193446e+00   2.416327e+01  -1.090603e+00  -2.916752e+01  -2.665406e+01
     604   1.327460e-01   3.210036e+01   4.258101e-02   3.244280e+00   1.040669e+00
     605  -5.342709e-01   1.497360e+01  -9.780852e-01  -1.305745e+01  -2.390416e+01
     606  -2.676361e-01   2.763245e+01  -6.869952e-01  -6.540959e+00  -1.678999e+01
     607  -2.420683e-01   2.323508e+01  -9.423536e-01  -5.916090e+00  -2.303089e+01
     608  -3.401496e-01   2.924839e+01  -6.063613e-01  -8.313172e+00  -1.481932e+01
     609   1.528873e+00   5.526919e+01   1.570696e+00   3.736528e+01   3.838742e+01
     610   3.787548e-01   4.664942e+01   3.004599e-01   9.256675e+00   7.343166e+00
     611  -6.090404e-01   2.230276e+01  -8.327634e-01  -1.488480e+01  -2.035253e+01
     612  -2.670989e-01   3.687846e+01  -3.822683e-01  -6.527832e+00  -9.342545e+00
     613  -8.290518e-01   2.086744e+01  -1.058923e+00  -2.026182e+01  -2.587983e+01
     614  -1.708560e+00   2.088914e+01  -1.607383e+00  -4.175679e+01  -3.928406e+01
     615   7.613039e-01   3.006269e+01   5.802018e-01   1.860608e+01   1.417999e+01
     616  -1.095029e-01   3.122359e+01  -4.116021e-02  -2.676223e+00  -1.005946e+00
     617  -7.197981e-01   2.472217e+01  -5.799787e-01  -1.759169e+01  -1.417454e+01
     618  -4.775493e-01   2.987447e+01  -8.368080e-01  -1.167119e+01  -2.045138e+01
     619   2.985065e-01   2.998070e+01   7.300376e-01   7.295427e+00   1.784194e+01
     620  -1.168845e+00   2.670337e+01  -9.668149e-01  -2.856628e+01  -2.362872e+01
     621  -2.883695e-01   2.439255e+01  -1.177908e-01  -7.047681e+00  -2.878778e+00
     622   4.243041e-01   4.860925e+01   2.167971e-01   1.036989e+01   5.298468e+00
     623  -3.027648e-01   3.139555e+01  -2.009359e-01  -7.399498e+00  -4.910825e+00
     624  -8.922192e-01   4.220576e+01  -1.230510e-01  -2.180562e+01  -3.007336e+00
     625   5.702980e-01   2.950907e+01   4.480837e-01   1.393794e+01   1.095106e+01
     626   2.400660e-01   3.714343e+01   5.956370e-03   5.867155e+00   1.455722e-01
     627   1.006024e+00   2.945960e+01   8.108954e-01   2.458697e+01   1.981808e+01
     628  -9.246623e-01   2.782161e+01  -8.707187e-01  -2.259852e+01  -2.128015e+01
     629   6.709575e-01   4.094979e+01   8.391934e-01   1.639804e+01   2.050968e+01
     630  -6.653189e-02   3.105014e+01  -2.092807e-01  -1.626023e+00  -5.114768e+00
     631   6.733623e-03   4.534006e+01   1.340767e-01   1.645681e-01   3.276802e+00
     632   7.011446e-01   4.475630e+01   1.550848e-01   1.713580e+01   3.790235e+00
     633  -9.667738e-01   1.980720e+01  -1.079700e+00  -2.362771e+01  -2.638761e+01
     634  -3.835503e-01   3.502855e+01  -4.011707e-01  -9.373874e+00  -9.804514e+00
     635  -1.171745e+00   1.598457e+01  -1.589660e+00  -2.863717e+01  -3.885090e+01
     636   3.422295e-01   4.120004e+01   3.160764e-01   8.364005e+00   7.724830e+00
     637  -7.238804e-01   2.118013e+01  -1.011410e+00  -1.769146e+01  -2.471862e+01
     638   7.817287e-02   3.570286e+01   1.728432e-01   1.910526e+00   4.224245e+00
     639  -8.007984e-01   3.392102e+01  -1.163003e+00  -1.957132e+01  -2.842351e+01
     640  -2.896587e-01   2.358411e+01  -5.194658e-01  -7.079187e+00  -1.269562e+01
     641  -9.199219e-02   3.169402e+01  -1.559031e-01  -2.248267e+00  -3.810234e+00
     642   1.683045e-01   3.486843e+01  -2.152274e-01   4.113320e+00  -5.260104e+00
     643   3.147281e-01   4.459785e+01   5.302318e-02   7.691877e+00   1.295874e+00
     644   2.671377e-01   5.921452e+01   2.734093e-01   6.528781e+00   6.682057e+00
     645  -6.558788e-01   3.476252e+01  -7.580895e-01  -1.602952e+01  -1.852752e+01
     646  -1.279817e+00   2.877903e+01  -1.296394e+00  -3.127842e+01  -3.168355e+01
     647   5.693311e-01   4.471637e+01   5.696161e-01   1.391431e+01   1.392128e+01
     648  -5.239579e-01   2.855419e+01  -4.777397e-01  -1.280540e+01  -1.167584e+01
     649   6.428115e-01   4.402436e+01   8.595164e-01   1.571015e+01   2.100637e+01
     650   2.300753e-01   4.273413e+01   3.494854e-01   5.622983e+00   8.541338e+00
     651  -1.297221e+00   2.996832e+01  -1.224190e+00  -3.170375e+01  -2.991890e+01
     652  -3.377862e-01   4.690898e+01  -4.113593e-01  -8.255411e+00  -1.005352e+01
     653   3.323462e-01   5.538238e+01   3.882288e-01   8.122459e+00   9.488217e+00
     654  -9.303559e-01   3.633334e+01  -4.660850e-01  -2.273767e+01  -1.139100e+01
     655  -1.048634e+00   3.121954e+01  -7.639283e-01  -2.562835e+01  -1.867022e+01
     656   2.033258e-01   3.594046e+01  -1.481493e-01   4.969233e+00  -3.620732e+00
     657  -7.618023e-01   4.605154e+01  -1.054873e+00  -1.861826e+01  -2.578083e+01
     658  -7.308496e-02   4.167626e+01  -8.671220e-02  -1.786179e+00  -2.119225e+00
     659   1.301449e+00   6.024270e+01   1.436960e+00   3.180710e+01   3.511894e+01
     660  -5.601610e-01   3.044902e+01  -5.213523e-01  -1.369020e+01  -1.274172e+01
     661   6.734283e-01   5.067415e+01   2.831123e-01   1.645842e+01   6.919195e+00
     662  -2.808496e-01   3.054064e+01  -4.864377e-01  -6.863896e+00  -1.188842e+01
     663   9.385727e-02   3.878475e+01   2.616085e-01   2.293849e+00   6.393648e+00
     664   3.732760e-01   5.469516e+01   2.748319e-01   9.122775e+00   6.716823e+00
     665  -5.181433e-02   3.490681e+01  -4.698352e-01  -1.266330e+00  -1.148266e+01
     666   1.826998e-01   3.614373e+01   9.064779e-02   4.465137e+00   2.215410e+00
     667  -1.839501e-01   3.361037e+01  -1.381738e-01  -4.495695e+00  -3.376933e+00
     668  -1.024999e+00   3.667621e+01  -7.741763e-01  -2.505074e+01  -1.892068e+01
     669  -3.348856e-01   3.656272e+01  -6.260185e-01  -8.184523e+00  -1.529974e+01
     670   3.248263e-01   3.802127e+01  -4.817161e-02   7.938674e+00  -1.177302e+00
     671  -3.204768e-02   3.696099e+01   2.044025e-01  -7.832375e-01   4.995547e+00
     672  -7.362345e-01   3.519622e+01  -5.932447e-01  -1.799339e+01  -1.449876e+01
     673  -2.644132e-01   2.562921e+01  -3.570745e-01  -6.462194e+00  -8.726814e+00
     674  -1.672988e-01   3.595588e+01  -2.954359e-01  -4.088742e+00  -7.220380e+00
     675  -1.110068e-01   3.395716e+01   4.382874e-01  -2.712980e+00   1.071164e+01
     676   2.671377e-01   3.022073e+01  -4.264264e-02   6.528781e+00  -1.042176e+00
     677  -5.777791e-01   2.790754e+01  -6.009875e-01  -1.412078e+01  -1.468799e+01
     678  -4.550969e-01   4.260302e+01  -5.399781e-01  -1.112246e+01  -1.319693e+01
     679   2.655263e-01   4.378610e+01  -8.527303e-02   6.489398e+00  -2.084052e+00
     680  -9.893336e-01   2.033026e+01  -1.225801e+00  -2.417907e+01  -2.995827e+01
     681  -1.301289e-01   3.229392e+01  -3.395361e-01  -3.180319e+00  -8.298179e+00
     682  -4.347931e-01   4.193985e+01  -7.404049e-01  -1.062624e+01  -1.809531e+01
     683   1.312420e-01   3.497136e+01   3.881864e-01   3.207523e+00   9.487180e+00
     684   8.792593e-01   4.142839e+01   5.363417e-01   2.148888e+01   1.310806e+01
     685  -8.444140e-01   1.469042e+01  -8.134563e-01  -2.063727e+01  -1.988067e+01
     686  -9.112338e-01   1.719386e+01  -1.015889e+00  -2.227033e+01  -2.482807e+01
     687  -7.391351e-01   2.680812e+01  -7.255861e-01  -1.806428e+01  -1.773315e+01
     688   3.161246e-01   3.877607e+01   2.938412e-01   7.726009e+00   7.181407e+00
     689   2.650966e-01   4.194815e+01   1.533994e-01   6.478896e+00   3.749044e+00
     690   1.494818e+00   5.292743e+01   1.267779e+00   3.653300e+01   3.098420e+01
     691   1.027079e+00   4.883138e+01   8.265792e-01   2.510157e+01   2.020139e+01
     692  -7.029320e-01   1.684010e+01  -4.855690e-01  -1.717949e+01  -1.186719e+01
     693   9.118098e-01   5.557915e+01   1.082579e+00   2.228441e+01   2.645797e+01
     694   1.093577e+00   5.713868e+01   1.212816e+00   2.672675e+01   2.964094e+01
     695  -1.924368e-01   3.558540e+01  -1.073585e-01  -4.703109e+00  -2.623816e+00
     696   9.084931e-02   3.549138e+01  -2.070210e-01   2.220335e+00  -5.059543e+00
     697  -7.028246e-01   3.623624e+01  -6.272824e-01  -1.717686e+01  -1.533063e+01
     698   2.386695e-01   5.364632e+01   2.424679e-01   5.833023e+00   5.925856e+00
     699  -8.383980e-01   2.927298e+01  -6.158382e-01  -2.049024e+01  -1.505093e+01
     700  -1.643352e+00   2.165276e+01  -1.882613e+00  -4.016311e+01  -4.601060e+01
     701  -4.335040e-01   4.037464e+01  -8.558865e-01  -1.059473e+01  -2.091766e+01
     702  -5.513105e-03   6.534716e+01   8.667529e-01  -1.347389e-01   2.118323e+01
     703   6.626856e-01   4.783418e+01   5.966619e-01   1.619587e+01   1.458227e+01
     704   2.052595e-01   5.328870e+01   2.000290e-01   5.016492e+00   4.888660e+00
     705  -7.297889e-01   3.653939e+01  -6.348124e-01  -1.783586e+01  -1.551466e+01
     706  -2.332593e-01   4.609063e+01   5.621243e-02  -5.700799e+00   1.373818e+00
     707  -3.469175e-01   2.928512e+01  -8.840270e-01  -8.478579e+00  -2.160540e+01
     708   4.843560e-01   4.841654e+01   4.579243e-01   1.183754e+01   1.119156e+01
     709  -7.839323e-01   2.718600e+01  -9.588075e-01  -1.915911e+01  -2.343302e+01
     710  -1.490483e+00   3.079470e+01  -1.632986e+00  -3.642703e+01  -3.990977e+01
     711  -1.054206e-01   3.544904e+01  -4.609427e-02  -2.576454e+00  -1.126533e+00
     712   4.653414e-01   6.563543e+01   1.002607e+00   1.137283e+01   2.450346e+01
     713  -1.384559e+00   1.840598e+01  -1.609552e+00  -3.383828e+01  -3.933706e+01
     714  -5.425429e-01   3.106175e+01  -5.408769e-01  -1.325961e+01  -1.321890e+01
     715   1.963430e-01   3.009666e+01  -9.170133e-02   4.798576e+00  -2.241158e+00
     716   1.887157e-01   4.682481e+01   9.490834e-01   4.612165e+00   2.319537e+01
     717   6.965252e-01   4.367759e+01   4.999855e-01   1.702290e+01   1.221952e+01
     718  -7.946751e-01   3.684070e+01  -8.304559e-01  -1.942166e+01  -2.029614e+01
     719  -5.676809e-01   3.098742e+01  -8.705570e-01  -1.387398e+01  -2.127620e+01
     720  -5.662843e-01   3.203089e+01  -6.812516e-01  -1.383985e+01  -1.664962e+01
     721   7.857974e-01   4.015912e+01   9.810539e-01   1.920470e+01   2.397672e+01
     722  -9.101595e-01   3.304343e+01  -7.018156e-01  -2.224408e+01  -1.715220e+01
     723  -8.784685e-01   2.575119e+01  -5.804946e-01  -2.146955e+01  -1.418715e+01
     724  -5.671437e-01   2.449785e+01  -6.625695e-01  -1.386085e+01  -1.619304e+01
     725  -8.104669e-01   3.098764e+01  -7.635936e-01  -1.980761e+01  -1.866204e+01
     726  -1.414317e+00   2.010381e+01  -1.815158e+00  -3.456555e+01  -4.436202e+01
     727  -3.637836e-01   5.852873e+01   2.403389e-01  -8.890782e+00   5.873824e+00
     728  -1.163782e-01   2.763322e+01   4.148998e-02  -2.844255e+00   1.014005e+00
     729   3.198846e-01   2.128998e+01   2.142783e-01   7.817901e+00   5.236909e+00
     730  -3.496032e-01   2.259127e+01  -4.823648e-01  -8.544216e+00  -1.178888e+01
     731  -5.012907e-01   3.683862e+01  -4.801112e-01  -1.225142e+01  -1.173380e+01
     732  -2.799902e-01   2.496555e+01  -4.585631e-01  -6.842892e+00  -1.120717e+01
     733  -9.540974e-01   3.798515e+01  -5.975224e-01  -2.331791e+01  -1.460330e+01
     734  -5.450002e-02   3.467558e+01  -1.231482e-01  -1.331967e+00  -3.009712e+00
     735  -9.279925e-01   3.577382e+01  -2.744892e-01  -2.267991e+01  -6.708448e+00
     736   2.237370e-01   3.847267e+01   1.399597e-01   5.468078e+00   3.420580e+00
     737   1.678748e-01   4.420980e+01   4.961883e-01   4.102818e+00   1.212672e+01
     738   2.223405e-01   3.132732e+01   5.759371e-01   5.433947e+00   1.407576e+01
     739   3.366433e-01   3.354158e+01   5.264563e-01   8.227479e+00   1.286646e+01
     740   1.107234e-01   2.686675e+01   8.489888e-02   2.706052e+00   2.074908e+00
     741   6.924430e-01   3.327512e+01   7.638527e-01   1.692314e+01   1.866837e+01
     742  -1.073986e+00   2.491982e+01  -1.308348e+00  -2.624796e+01  -3.197571e+01
     743   3.998106e-01   3.947275e+01   3.644129e-01   9.771273e+00   8.906161e+00
     744  -2.013533e-01   4.118748e+01   1.470133e-01  -4.921026e+00   3.592969e+00
     745   7.734432e-01   2.889151e+01   1.449923e+00   1.890276e+01   3.543577e+01
     746  -6.642581e-01   3.491205e+01  -5.106307e-01  -1.623431e+01  -1.247969e+01
     747   1.865807e-02   3.033983e+01  -2.960959e-01   4.559986e-01  -7.236510e+00
     748  -6.167752e-01   1.800592e+01  -5.014420e-01  -1.507384e+01  -1.225512e+01
     749  -2.273508e-01   7.624940e+01   7.017095e-01  -5.556397e+00   1.714961e+01
     750   1.539092e-01   5.098440e+01   5.289066e-01   3.761503e+00   1.292635e+01
     751   5.656786e-01   4.060583e+01   8.759103e-01   1.382505e+01   2.140703e+01
     752   6.646192e-01   4.530470e+01   7.532459e-01   1.624313e+01   1.840914e+01
     753  -1.771821e-01   3.102814e+01  -6.698974e-03  -4.330288e+00  -1.637213e-01
     754   7.881743e-02   3.389534e+01   8.759761e-02   1.926279e+00   2.140864e+00
     755   3.305335e-02   2.109114e+01   8.309092e-02   8.078156e-01   2.030722e+00
     756   1.779730e-01   4.407411e+01   5.677657e-01   4.349615e+00   1.387605e+01
     757  -6.089330e-01   3.255144e+01  -6.235431e-01  -1.488217e+01  -1.523924e+01
     758  -4.794694e-02   3.624915e+01   2.608020e-02  -1.171812e+00   6.373936e-01
     759  -6.306334e-01   2.320780e+01  -5.703820e-01  -1.541252e+01  -1.394000e+01
     760  -2.033944e-01   3.439100e+01  -3.224881e-01  -4.970910e+00  -7.881529e+00
     761  -2.814942e-01   3.577559e+01  -2.515032e-01  -6.879649e+00  -6.146676e+00
     762   2.584361e-01   4.734107e+01   1.184967e-01   6.316115e+00   2.896030e+00
     763  -6.299888e-01   4.268376e+01  -7.070947e-01  -1.539677e+01  -1.728122e+01
     764   6.829893e-01   4.682478e+01   1.095564e+00   1.669209e+01   2.677531e+01
     765  -3.430550e-05   3.756684e+01  -1.233907e-01  -8.384180e-04  -3.015639e+00
     766  -5.656398e-01   2.943934e+01  -9.240153e-01  -1.382410e+01  -2.258271e+01
     767  -4.608980e-01   3.245434e+01  -5.628822e-01  -1.126423e+01  -1.375670e+01
     768  -4.628317e-01   4.489507e+01  -1.378586e-01  -1.131149e+01  -3.369230e+00
     769  -3.021203e-01   3.359385e+01  -3.393682e-01  -7.383745e+00  -8.294075e+00
     770  -2.511997e-01   3.756613e+01  -1.537013e-01  -6.139258e+00  -3.756421e+00
     771   3.251621e-02   4.337852e+01   3.917140e-01   7.946881e-01   9.573393e+00
     772   1.994720e-02   3.468183e+01  -7.403519e-02   4.875046e-01  -1.809402e+00
     773  -1.081936e+00   2.123834e+01  -8.342697e-01  -2.644225e+01  -2.038935e+01
     774   8.113651e-01   5.220478e+01   1.018724e+00   1.982956e+01   2.489737e+01
     775   4.384845e-01   3.792574e+01   4.148597e-01   1.071645e+01   1.013907e+01
     776  -6.132301e-01   4.295409e+01  -1.940583e-01  -1.498719e+01  -4.742737e+00
     777   2.319015e-01   3.328457e+01   1.660539e-01   5.667617e+00   4.058316e+00
     778  -7.748949e-02   6.281671e+01   1.032724e-01  -1.893824e+00   2.523952e+00
     779  -9.206874e-01   3.017336e+01  -7.509718e-01  -2.250138e+01  -1.835357e+01
     780  -5.172974e-01   2.049910e+01  -5.782348e-01  -1.264262e+01  -1.413192e+01
     781  -1.339963e-01   3.054918e+01  -3.804195e-01  -3.274837e+00  -9.297360e+00
     782   4.641596e-01   4.153383e+01   3.309898e-01   1.134395e+01   8.089309e+00
     783  -7.772718e-01   3.670545e+01  -8.465469e-01  -1.899633e+01  -2.068940e+01
     784  -3.022277e-01   3.728291e+01  -2.036722e-01  -7.386370e+00  -4.977699e+00
     785  -2.115589e-01   5.075400e+01   5.875539e-01  -5.170448e+00   1.435967e+01
     786  -4.148116e-01   2.724164e+01  -2.868691e-01  -1.013789e+01  -7.011010e+00
     787   8.174885e-01   5.025203e+01   7.914697e-01   1.997922e+01   1.934333e+01
     788  -1.686954e-01   3.746092e+01   1.286220e-02  -4.122874e+00   3.143490e-01
     789  -5.337338e-01   3.377730e+01  -5.583440e-01  -1.304432e+01  -1.364579e+01
     790   3.100013e-01   4.212995e+01   3.076549e-01   7.576355e+00   7.519009e+00
     791   7.295054e-01   3.547128e+01   7.286529e-01   1.782893e+01   1.780810e+01
     792   4.974622e-01   2.663895e+01   9.275266e-01   1.215785e+01   2.266852e+01
     793  -1.136187e+00   3.196230e+01  -1.083092e+00  -2.776813e+01  -2.647051e+01
     794  -9.189686e-01   2.604199e+01  -1.089223e+00  -2.245937e+01  -2.662034e+01
     795  -6.484663e-01   2.491665e+01  -8.059394e-01  -1.584836e+01  -1.969696e+01
     796  -1.722270e-02   3.117423e+01  -2.591809e-01  -4.209185e-01  -6.334318e+00
     797  -3.143670e-01   2.095001e+01  -4.706428e-01  -7.683052e+00  -1.150239e+01
     798  -5.257842e-01   2.858137e+01  -3.801695e-01  -1.285004e+01  -9.291250e+00
     799  -2.617275e-01   3.439167e+01  -5.785704e-01  -6.396557e+00  -1.414012e+01
     800   2.814256e-01   6.103836e+01   4.203831e-01   6.877972e+00   1.027406e+01
     801  -7.273181e-01   8.759060e+01   1.317065e+00  -1.777547e+01   3.218875e+01
     802   3.907867e-01   2.824623e+01  -8.426202e-02   9.550731e+00  -2.059343e+00
     803   3.448078e-01   3.276985e+01   4.222408e-01   8.427017e+00   1.031946e+01
     804  -8.458105e-01   3.163659e+01  -6.506616e-01  -2.067140e+01  -1.590201e+01
     805  -3.166230e-01   2.460385e+01  -4.878951e-01  -7.738188e+00  -1.192404e+01
     806   9.503898e-02   3.883646e+01   2.870333e-01   2.322729e+00   7.015024e+00
     807   4.666305e-01   5.022752e+01   9.361298e-01   1.140433e+01   2.287878e+01
     808   8.913986e-01   4.020630e+01   7.455312e-01   2.178556e+01   1.822060e+01
     809   4.012072e-01   4.171682e+01   3.511313e-01   9.805405e+00   8.581563e+00
     810  -3.041614e-01   2.754674e+01  -6.507396e-02  -7.433629e+00  -1.590392e+00
     811  -3.986975e-01   4.664911e+01  -1.661758e-01  -9.744070e+00  -4.061296e+00
     812  -4.542375e-01   2.832139e+01  -4.066710e-01  -1.110145e+01  -9.938941e+00
     813  -1.751410e-01   3.285516e+01   1.297354e-01  -4.280404e+00   3.170701e+00
     814  -1.691251e-01   5.361773e+01  -1.814825e-01  -4.133376e+00  -4.435387e+00
     815   3.267600e-01   4.681621e+01   3.329044e-01   7.985933e+00   8.136102e+00
     816   8.408138e-02   3.652913e+01   3.359701e-01   2.054928e+00   8.211027e+00
     817   1.317792e-01   5.299533e+01   3.118080e-01   3.220650e+00   7.620510e+00
     818  -1.044538e-01   3.839988e+01  -2.808018e-01  -2.552825e+00  -6.862728e+00
     819   1.821626e-01   4.171716e+01   2.003564e-01   4.452010e+00   4.896660e+00
     820   8.984888e-01   5.351676e+01   8.775746e-01   2.195885e+01   2.144771e+01
     821  -4.044986e-01   4.885719e+01  -1.506585e-01  -9.885847e+00  -3.682058e+00
     822  -5.075215e-01   5.475493e+01   4.182484e-01  -1.240370e+01   1.022189e+01
     823  -6.447064e-01   3.852342e+01  -5.306632e-01  -1.575647e+01  -1.296928e+01
     824  -3.994495e-01   3.555130e+01  -3.691537e-01  -9.762448e+00  -9.022025e+00
     825   2.616589e-01   4.384840e+01   2.742447e-02   6.394880e+00   6.702474e-01
     826   1.288786e-01   3.144134e+01  -1.081024e-02   3.149762e+00  -2.641997e-01
     827  -5.396288e-02   3.837821e+01  -4.065063e-01  -1.318840e+00  -9.934915e+00
     828  -5.114963e-01   2.262571e+01  -5.671141e-01  -1.250084e+01  -1.386013e+01
     829   4.572978e-02   3.781883e+01   6.018101e-02   1.117625e+00   1.470809e+00
     830  -5.952897e-01   2.906008e+01  -3.010089e-01  -1.454874e+01  -7.356583e+00
     831   1.209921e+00   5.517536e+01   1.391959e+00   2.957017e+01   3.401914e+01
     832  -3.313405e-01   5.195261e+01  -1.776395e-03  -8.097881e+00  -4.341466e-02
     833  -1.155202e+00   2.293485e+01  -1.007680e+00  -2.823284e+01  -2.462746e+01
     834  -1.062599e+00   3.209532e+01  -1.381932e+00  -2.596966e+01  -3.377408e+01
     835  -2.322924e-01   3.827136e+01  -3.714331e-01  -5.677170e+00  -9.077735e+00
     836  -1.597051e+00   2.511886e+01  -1.400240e+00  -3.903152e+01  -3.422152e+01
     837  -5.631689e-01   2.808575e+01  -4.952573e-01  -1.376371e+01  -1.210397e+01
     838  -9.523785e-01   1.858489e+01  -6.997228e-01  -2.327590e+01  -1.710105e+01
     839   6.697758e-01   4.565365e+01   1.294562e+00   1.636916e+01   3.163879e+01
     840   1.398362e-01   2.004508e+01  -3.833583e-01   3.417563e+00  -9.369183e+00
     841  -7.077663e-01   3.203213e+01  -9.661385e-01  -1.729763e+01  -2.361219e+01
     842   1.348946e-01   2.904641e+01  -7.004450e-02   3.296790e+00  -1.711870e+00
     843   3.092493e-01   5.376889e+01   5.207441e-01   7.557977e+00   1.272686e+01
     844  -1.357917e+00   1.747082e+01  -1.601754e+00  -3.318716e+01  -3.914647e+01
     845  -2.326147e-01   3.703179e+01  -4.962503e-01  -5.685046e+00  -1.212824e+01
     846  -8.242176e-01   2.938417e+01  -6.817098e-01  -2.014368e+01  -1.666082e+01
     847   3.457746e-01   4.228690e+01   5.455695e-01   8.450647e+00   1.333358e+01
     848  -6.246174e-01   2.210758e+01  -5.948833e-01  -1.526550e+01  -1.453880e+01
     849  -3.037317e-01   4.114475e+01   1.894017e-01  -7.423127e+00   4.628932e+00
     850   2.798142e-01   4.189549e+01   4.235748e-01   6.838590e+00   1.035206e+01
     851  -3.205978e-01   2.919560e+01  -4.917003e-01  -7.835331e+00  -1.201703e+01
     852  -7.093641e-02   5.154340e+01   6.256173e-01  -1.733669e+00   1.528993e+01
     853  -3.457358e-01   3.393282e+01  -2.240451e-01  -8.449698e+00  -5.475607e+00
     854  -6.610353e-01   3.646352e+01  -7.384656e-01  -1.615554e+01  -1.804792e+01
     855  -5.514593e-01   3.495234e+01  -8.186570e-01  -1.347753e+01  -2.000778e+01
     856  -2.055295e-02   4.696044e+01  -6.599495e-02  -5.023090e-01  -1.612900e+00
     857  -4.934485e-01   2.830436e+01  -4.389794e-01  -1.205976e+01  -1.072855e+01
     858   1.014846e-01   2.205470e+01   5.310619e-02   2.480259e+00   1.297902e+00
     859  -2.885844e-01   2.327809e+01  -5.465312e-01  -7.052932e+00  -1.335709e+01
     860  -6.152712e-01   4.729492e+01   2.756000e-01  -1.503708e+01   6.735596e+00
     861  -1.084286e-01   2.629856e+01  -5.037017e-01  -2.649968e+00  -1.231035e+01
     862  -1.984528e-01   3.112803e+01  -5.069644e-01  -4.850137e+00  -1.239009e+01
     863   1.241518e-01   3.139719e+01   3.931525e-01   3.034240e+00   9.608550e+00
     864   1.034384e+00   4.788007e+01   7.761365e-01   2.528010e+01   1.896859e+01
     865  -1.066023e-01   2.239199e+01   7.968831e-03  -2.605335e+00   1.947563e-01
     866   7.227375e-01   3.593575e+01   3.732155e-01   1.766353e+01   9.121294e+00
     867  -6.837025e-01   3.301485e+01  -5.984322e-01  -1.670952e+01  -1.462554e+01
     868  -2.768748e-01   2.416505e+01  -6.626487e-02  -6.766752e+00  -1.619497e+00
     869   7.563623e-01   4.933966e+01   1.160016e+00   1.848531e+01   2.835050e+01
     870   7.924714e-02   3.993518e+01   5.753495e-01   1.936781e+00   1.406140e+01
     871   4.090494e-01   4.725167e+01   3.516033e-01   9.997066e+00   8.593099e+00
     872  -9.170349e-01   2.155015e+01  -9.729424e-01  -2.241211e+01  -2.377847e+01
     873  -7.785609e-01   3.644544e+01  -7.279714e-01  -1.902784e+01  -1.779144e+01
     874  -5.554342e-01   2.494802e+01  -7.702962e-01  -1.357467e+01  -1.882585e+01
     875  -9.042510e-01   3.590713e+01  -7.820717e-01  -2.209967e+01  -1.911364e+01
     876   1.399436e-01   3.515704e+01   7.063899e-03   3.420188e+00   1.726400e-01
     877  -7.910090e-02   4.090024e+01   5.403920e-02  -1.933207e+00   1.320705e+00
     878   5.292742e-02   5.381038e+01   5.512781e-01   1.293533e+00   1.347310e+01
     879  -8.132600e-01   3.389740e+01  -9.671637e-01  -1.987587e+01  -2.363724e+01
     880   2.938872e-01   3.770471e+01   2.822922e-02   7.182530e+00   6.899151e-01
     881  -1.301410e+00   2.414194e+01  -1.522285e+00  -3.180615e+01  -3.720428e+01
     882  -9.207949e-01   2.449769e+01  -7.014590e-01  -2.250400e+01  -1.714349e+01
     883   3.999180e-01   5.097812e+01   4.704998e-02   9.773899e+00   1.149890e+00
     884  -9.621544e-01   2.955352e+01  -1.017858e+00  -2.351482e+01  -2.487620e+01
     885   1.937648e-01   4.680745e+01   2.054982e-01   4.735564e+00   5.022326e+00
     886  -7.974682e-01   2.663178e+01  -9.103957e-01  -1.948993e+01  -2.224985e+01
     887   1.333892e+00   3.614460e+01   1.027094e+00   3.260000e+01   2.510191e+01
     888   8.880818e-02   3.857350e+01  -3.126490e-01   2.170450e+00  -7.641064e+00
     889  -2.943855e-01   3.894249e+01  -6.484599e-01  -7.194709e+00  -1.584820e+01
     890  -3.069545e-01   2.973212e+01  -4.323536e-01  -7.501892e+00  -1.056662e+01
     891  -9.659144e-01   2.885803e+01  -9.576885e-01  -2.360671e+01  -2.340567e+01
     892  -7.023949e-01   1.763979e+01  -8.946916e-01  -1.716636e+01  -2.186604e+01
     893   2.888381e-01   3.408522e+01   2.358077e-01   7.059132e+00   5.763081e+00
     894  -5.808945e-01   3.720955e+01   2.398545e-01  -1.419692e+01   5.861985e+00
     895   2.772359e-01   5.094211e+01   2.564872e-01   6.775578e+00   6.268484e+00
     896  -8.747085e-01   1.859940e+01  -1.238276e+00  -2.137766e+01  -3.026317e+01
     897  -1.252947e-01   3.397935e+01   3.477061e-01  -3.062172e+00   8.497851e+00
     898  -2.899810e-01   2.949402e+01  -5.266128e-01  -7.087063e+00  -1.287029e+01
     899   3.629630e-01   3.211097e+01  -6.090408e-02   8.870727e+00  -1.488481e+00
     900  -1.284101e-01   3.123456e+01  -4.903930e-02  -3.138311e+00  -1.198509e+00
     901  -1.211279e+00   2.710599e+01  -1.580401e+00  -2.960335e+01  -3.862460e+01
     902  -8.153011e-01   2.631014e+01  -1.168471e+00  -1.992576e+01  -2.855715e+01
     903  -1.278099e+00   2.432696e+01  -1.083480e+00  -3.123641e+01  -2.648000e+01
     904  -4.287772e-01   2.193769e+01  -4.048534e-01  -1.047921e+01  -9.894517e+00
     905   2.251336e-01   3.439835e+01   1.586087e-01   5.502210e+00   3.876357e+00
     906  -2.542076e-01   2.509145e+01  -3.613193e-01  -6.212772e+00  -8.830556e+00
     907   6.772957e-01   5.018051e+01   2.184794e-01   1.655294e+01   5.339583e+00
     908  -3.318777e-01   3.164353e+01  -6.523940e-01  -8.111009e+00  -1.594435e+01
     909  -3.052357e-01   5.400707e+01  -4.383063e-01  -7.459884e+00  -1.071210e+01
     910  -9.521501e-02   3.816295e+01  -5.654246e-01  -2.327032e+00  -1.381884e+01
     911   6.881459e-01   3.779780e+01   4.522059e-01   1.681812e+01   1.105180e+01
     912  -4.073991e-01   5.196055e+01  -2.718289e-01  -9.956735e+00  -6.643433e+00
     913  -7.626617e-01   1.790825e+01  -8.843170e-01  -1.863926e+01  -2.161249e+01
     914  -8.621395e-01   2.316751e+01  -9.918075e-01  -2.107048e+01  -2.423953e+01
     915  -3.131853e-01   3.991056e+01  -3.015829e-01  -7.654172e+00  -7.370612e+00
     916   7.926728e-01   4.740296e+01   8.273874e-01   1.937273e+01   2.022114e+01
     917   2.222331e-01   4.134103e+01   1.418637e-02   5.431321e+00   3.467114e-01
     918   2.778940e-02   2.069047e+01  -1.360482e-01   6.791661e-01  -3.324985e+00
     919  -9.218691e-01   1.846321e+01  -1.139289e+00  -2.253026e+01  -2.784393e+01
     920  -1.142310e+00   2.083143e+01  -1.367082e+00  -2.791778e+01  -3.341116e+01
     921   2.919535e-01   5.488053e+01   1.925381e-01   7.135271e+00   4.705584e+00
     922  -7.666365e-01   3.312619e+01  -1.044857e+00  -1.873641e+01  -2.553605e+01
     923  -9.661157e-02   2.810539e+01  -1.095389e-01  -2.361163e+00  -2.677105e+00
     924  -7.789906e-01   3.115755e+01  -9.516608e-01  -1.903834e+01  -2.325836e+01
     925  -2.006013e-01   4.124631e+01  -5.105710e-01  -4.902647e+00  -1.247823e+01
     926  -1.166804e+00   2.161163e+01  -1.195189e+00  -2.851640e+01  -2.921013e+01
     927   2.498419e-01   5.599101e+01   1.708752e-01   6.106075e+00   4.176147e+00
     928  -5.104221e-01   3.049358e+01  -4.867010e-01  -1.247459e+01  -1.189485e+01
     929   3.899273e-01   4.254818e+01   1.324736e-01   9.529727e+00   3.237621e+00
     930   3.047509e-02   4.061849e+01  -2.735609e-01   7.448036e-01  -6.685761e+00
     931  -1.900734e-01   4.103931e+01  -6.731964e-02  -4.645348e+00  -1.645275e+00
     932  -1.064533e+00   1.950534e+01  -1.391086e+00  -2.601692e+01  -3.399780e+01
     933   3.052745e-01   3.259929e+01   1.282003e-01   7.460833e+00   3.133184e+00
     934   1.703456e-01   3.357294e+01   6.689757e-01   4.163205e+00   1.634960e+01
     935  -4.699219e-01   2.768213e+01  -6.146728e-01  -1.148478e+01  -1.502245e+01
     936   2.051521e-01   3.105327e+01   1.898844e-01   5.013867e+00   4.640728e+00
     937  -1.256291e+00   3.386046e+01  -1.437084e+00  -3.070344e+01  -3.512199e+01
     938  -4.439245e-01   2.822534e+01  -7.700988e-01  -1.084941e+01  -1.882103e+01
     939   9.428698e-02   3.413857e+01  -1.579406e-01   2.304351e+00  -3.860029e+00
     940   1.113815e-02   3.420238e+01  -3.944964e-01   2.722136e-01  -9.641396e+00
     941  -2.531333e-01   4.186967e+01  -6.099823e-01  -6.186517e+00  -1.490782e+01
     942   4.249486e-01   5.069779e+01   3.748108e-01   1.038564e+01   9.160285e+00
     943  -9.677407e-01   1.332018e+01  -1.133229e+00  -2.365134e+01  -2.769585e+01
     944  -9.160681e-01   2.440750e+01  -8.138879e-01  -2.238848e+01  -1.989122e+01
     945  -5.675599e-02   3.727072e+01   6.922938e-02  -1.387103e+00   1.691949e+00
     946  -6.622170e-01   2.366385e+01  -6.647965e-01  -1.618442e+01  -1.624746e+01
     947   8.450973e-01   6.389994e+01   1.188493e+00   2.065397e+01   2.904648e+01
     948  -1.236417e+00   2.987002e+01  -1.367828e+00  -3.021772e+01  -3.342939e+01
     949  -8.608368e-02   2.962420e+01   6.312038e-02  -2.103864e+00   1.542647e+00
     950  -5.286847e-01   2.616616e+01  -7.417442e-01  -1.292092e+01  -1.812805e+01
     951  -5.347007e-01   3.176797e+01  -5.766250e-01  -1.306795e+01  -1.409257e+01
     952  -4.288846e-01   2.350314e+01  -7.759413e-01  -1.048184e+01  -1.896382e+01
     953  -3.850542e-01   3.844627e+01  -6.291341e-01  -9.410631e+00  -1.537588e+01
     954   1.360763e-01   2.136277e+01  -1.876775e-01   3.325670e+00  -4.586793e+00
     955   5.797651e-02   3.882369e+01  -3.183334e-01   1.416932e+00  -7.779991e+00
     956   9.424266e-01   4.685896e+01   8.864107e-01   2.303267e+01   2.166366e+01
     957  -2.485004e-02   4.346793e+01  -2.998735e-02  -6.073290e-01  -7.328834e-01
     958  -5.705814e-01   3.851240e+01  -5.020828e-01  -1.394487e+01  -1.227078e+01
     959   1.484304e-01   4.115531e+01   2.716477e-01   3.627603e+00   6.639003e+00
     960   8.782924e-01   5.524815e+01   4.522658e-01   2.146525e+01   1.105327e+01
     961  -1.728851e-01   4.634956e+01  -7.370513e-02  -4.225268e+00  -1.801335e+00
     962  -6.897184e-01   3.842262e+01  -9.344900e-01  -1.685655e+01  -2.283871e+01
     963   3.507163e-01   4.181896e+01  -5.868876e-02   8.571420e+00  -1.434339e+00
     964  -2.979306e-01   3.108335e+01  -5.516216e-01  -7.281350e+00  -1.348150e+01
     965   2.254559e-01   4.250078e+01   3.430039e-01   5.510087e+00   8.382931e+00
     966  -1.136939e+00   4.209902e+01  -8.216586e-01  -2.778651e+01  -2.008114e+01
     967  -1.343186e-01   2.456944e+01  -2.344057e-01  -3.282714e+00  -5.728818e+00
     968   5.391440e-01   3.468279e+01   1.583424e-01   1.317655e+01   3.869850e+00
     969  -2.186491e-01   4.736276e+01  -2.330767e-01  -5.343731e+00  -5.696338e+00
     970   1.257511e+00   6.876920e+01   5.736827e-01   3.073327e+01   1.402066e+01
     971  -9.810202e-03   6.179040e+01  -2.211006e-01  -2.397589e-01  -5.403644e+00
     972  -8.274404e-01   2.915724e+01  -9.443465e-01  -2.022244e+01  -2.307960e+01
     973  -8.563384e-01   2.525997e+01  -1.091984e+00  -2.092870e+01  -2.668781e+01
     974   9.756217e-01   3.921359e+01   5.814665e-01   2.384395e+01   1.421090e+01
     975   5.020815e-01   4.149500e+01   1.969325e-01   1.227075e+01   4.812982e+00
     976  -2.519516e-01   4.801022e+01  -6.271157e-01  -6.157636e+00  -1.532655e+01
     977   6.719243e-01   4.222011e+01   5.106400e-01   1.642167e+01   1.247992e+01
     978  -7.034692e-01   3.189636e+01  -7.189287e-01  -1.719261e+01  -1.757044e+01
     979   1.302752e-01   4.734562e+01   1.693950e-01   3.183893e+00   4.139973e+00
     980  -3.085659e-01   2.822854e+01  -3.197873e-01  -7.541275e+00  -7.815523e+00
     981  -5.846544e-01   2.750501e+01  -4.007854e-01  -1.428881e+01  -9.795096e+00
     982  -3.299440e-01   3.798812e+01  -3.813775e-02  -8.063750e+00  -9.320773e-01
     983  -2.239131e-01   3.842709e+01  -4.676317e-01  -5.472381e+00  -1.142880e+01
     984  -5.195534e-01   2.821422e+01  -7.706761e-01  -1.269776e+01  -1.883513e+01
     985   5.088630e-02   3.987776e+01  -2.916684e-01   1.243649e+00  -7.128304e+00
     986  -1.573954e+00   2.440722e+01  -1.963750e+00  -3.846704e+01  -4.799358e+01
     987  -2.068321e-01   4.051306e+01  -3.396043e-01  -5.054926e+00  -8.299847e+00
     988   1.750724e-01   3.330304e+01  -2.148303e-01   4.278727e+00  -5.250401e+00
     989  -2.013533e-01   3.671531e+01  -5.211532e-01  -4.921026e+00  -1.273686e+01
     990   4.258081e-01   3.756535e+01  -2.606687e-01   1.040664e+01  -6.370680e+00
     991  -4.141671e-01   3.747665e+01  -6.220717e-01  -1.012214e+01  -1.520328e+01
     992   4.579289e-01   4.531043e+01   3.980193e-01   1.119167e+01   9.727494e+00
     993  -6.545897e-01   3.185095e+01  -9.326063e-01  -1.599801e+01  -2.279267e+01
     994   3.187164e-02   3.457399e+01  -2.512426e-01   7.789351e-01  -6.140308e+00
     995   9.708010e-02   4.492776e+01   1.554327e-01   2.372614e+00   3.798738e+00
     996   6.379772e-01   4.633795e+01   4.441165e-01   1.559201e+01   1.085410e+01
     997  -5.192176e-02   3.644848e+01  -1.571797e-01  -1.268955e+00  -3.841433e+00
     998   1.814106e-01   3.939112e+01   3.010731e-01   4.433631e+00   7.358152e+00
     999  -2.544225e-01   4.233313e+01  -2.640960e-01  -6.218023e+00  -6.454441e+00
    1000  -2.846096e-01   2.908448e+01  -7.233969e-01  -6.955788e+00  -1.767964e+01
    1001   4.058266e-01   4.029974e+01   1.550257e-03   9.918301e+00   3.788789e-02
    1002   7.709859e-02   2.861522e+01  -1.901682e-01   1.884271e+00  -4.647663e+00
    1003  -9.535602e-01   2.074079e+01  -1.014353e+00  -2.330478e+01  -2.479054e+01
    1004  -6.976681e-01   2.734783e+01  -5.278858e-01  -1.705084e+01  -1.290140e+01
    1005  -5.912075e-01   3.007012e+01  -8.216523e-01  -1.444897e+01  -2.008098e+01
    1006  -1.261984e+00   4.060208e+01  -1.533027e+00  -3.084259e+01  -3.746680e+01
    1007   3.873490e-01   5.014353e+01   4.635286e-01   9.466715e+00   1.132852e+01
    1008   2.965728e-01   4.195997e+01   4.892861e-01   7.248168e+00   1.195803e+01
    1009  -2.891215e-01   3.235977e+01  -2.727912e-01  -7.066059e+00  -6.666950e+00
    1010  -3.779640e-01   3.264574e+01  -4.062607e-01  -9.237348e+00  -9.928913e+00
    1011  -9.660218e-01   2.594677e+01  -1.063204e+00  -2.360934e+01  -2.598445e+01
    1012  -3.161797e-02   4.489476e+01  -4.826568e-01  -7.727355e-01  -1.179601e+01
    1013  -7.672811e-01   3.845823e+01  -9.239849e-01  -1.875216e+01  -2.258196e+01
    1014   4.319314e-01   4.902460e+01   5.616222e-01   1.055630e+01   1.372591e+01
    1015  -2.257394e-01   2.845757e+01  -2.262501e-01  -5.517014e+00  -5.529497e+00
    1016  -1.030693e+00   2.217342e+01  -1.018162e+00  -2.518989e+01  -2.488362e+01
    1017  -1.506476e-01   4.954112e+01   1.061590e-01  -3.681790e+00   2.594500e+00
    1018   5.590181e-01   4.305093e+01   2.112378e-01   1.366226e+01   5.162600e+00
    1019  -6.298814e-01   3.414206e+01  -7.955965e-01  -1.539415e+01  -1.944418e+01
    1020  -4.064323e-01   2.309004e+01  -7.238819e-01  -9.933106e+00  -1.769150e+01
    1021  -5.657472e-01   3.215310e+01  -7.192379e-01  -1.382672e+01  -1.757800e+01
    1022   6.146655e-01   3.141360e+01   3.353231e-01   1.502227e+01   8.195214e+00
    1023   2.249187e-01   4.310053e+01   2.485996e-01   5.496959e+00   6.075713e+00
